 -874 527 -77 -408 -214 717 -639 982 612 -821
 956 -577 -369 -524 777 379 -961 877 -252 80
 560 900 -216 264 -700 -652 -402 -816 759 -583
 800 -421 -332 610 80 -608 -876 -42 -824 251
 -293 -556 306 461 920 -28 -45 -731 -605 587
 673 623 800 -395 694 141 26 -247 478 133
 -412 257 -799 -322 -397 -119 -998 769 -507 -680
 -152 784 -929 275 885 437 -630 -997 289 574
 -442 -87 -429 863 636 404 675 736 801 348
 -147 322 378 -599 294 113 939 863 883 -751
 517 -308 -236 -736 426 -430 -720 297 411 458
 -641 537 723 -110 -113 -281 -923 -318 775 752
 -719 -65 -835 914 -522 -514 -856 -893 847 320
 -715 358 161 167 982 -370 576 247 -645 -655
 603 942 925 -634 389 -991 854 -671 254 452
 928 -280 -936 -94 348 648 -778 -999 128 -718
 798 822 -100 -721 -490 899 -256 -563 -82 -609
 -881 -599 409 -389 -794 -691 -786 -864 205 699
 208 -852 32 785 -733 327 -514 -86 -581 633
 949 -697 990 748 924 411 -797 599 392 636
 -497 401 -493 -143 -582 684 -618 -553 153 380
 -973 842 -684 -734 -909 -432 -264 -928 -851 753
 -134 -296 -943 -905 -860 -847 -523 163 570 686
 588 437 -459 840 379 111 -448 -201 -45 903
 -318 305 -315 -440 291 853 424 -347 -952 607
 486 -433 -168 166 3 548 906 462 -397 -625
 65 -866 -687 879 188 512 524 859 -923 793
 746 -15 -568 637 689 733 -241 -541 889 -898
 77 72 709 837 -289 173 -125 -401 -534 -221
 707 -674 -304 978 512 -815 -529 -541 439 -58
 160 569 109 254 121 -227 -93 -962 677 -390
 659 -59 -354 414 818 -946 -550 943 -706 -559
 -490 364 -527 -699 159 676 -196 -169 575 -467
 764 63 879 -556 -284 106 -371 350 -730 -417
 -85 -315 -342 -542 520 -825 -905 -76 118 679
 199 -765 -327 -632 724 233 923 98 555 913
 -581 394 -149 366 83 720 -225 -885 132 -832
 496 -518 677 -951 696 198 552 -220 -825 -405
 -524 648 -580 616 891 534 215 -934 -284 -254
 669 568 -568 376 193 783 91 -16 -620 -671
 541 912 -629 -66 -708 128 -447 -541 -461 -179
 -23 214 55 -898 -821 -381 -737 629 622 -42
 -533 -28 -634 544 -438 -811 -6 115 -3 -984
 -194 -802 -291 80 -533 -721 426 -449 -325 227
 791 342 990 -414 291 -644 -627 319 -33 660
 -449 722 578 897 -816 206 702 -788 384 732
 -418 -197 -783 -4 789 542 419 -62 652 -991
 692 673 -433 -154 -581 -485 -686 -288 431 408
 -654 660 -467 747 578 -294 -18 -256 -742 988
 206 -906 183 607 -474 -956 -333 -724 -774 -442
 451 -819 -876 224 -576 -221 958 -538 -549 -466
 534 -813 825 470 809 717 547 214 -632 -607
 -847 166 873 12 -956 681 -467 841 955 632
 -196 -214 -927 -625 -765 -508 -137 692 -122 -758
 78 -827 -466 2 210 954 549 -324 -527 -774
 -164 -999 -961 552 -919 -400 -684 689 -995 366
 0 775 -996 -508 -327 -467 -604 344 -97 514
 -271 -812 -663 825 679 -969 384 434 -721 318
 -535 -178 63 28 297 -590 449 330 133 361
 593 991 -341 -246 166 -803 530 230 512 -518
 76 -588 -582 -796 494 539 890 59 964 610
 20 -224 970 69 -817 -804 258 -188 -43 756
 892 -370 -866 135 -477 -222 -791 642 -167 241
 806 -2 859 -206 -436 415 -63 -655 -378 -297
 731 -150 -495 -814 346 -548 507 -810 -666 -144
 -922 -993 543 -160 -84 396 696 514 110 360
 -681 190 251 -965 -536 661 -289 -400 -823 906
 862 -591 329 -880 -176 904 -498 -268 239 -397
 -118 309 211 859 -842 974 -802 849 -985 -129
 639 -251 635 -667 923 -657 179 -743 -885 -461
 -370 736 -863 233 -433 -379 776 157 -965 -772
 -457 779 -224 886 -883 -682 -855 858 552 966
 257 -867 -155 213 -232 693 217 933 460 276
 -395 237 270 546 -929 -723 -233 366 -907 -257
 -898 535 -741 320 49 -809 -385 -966 -392 -476
 90 264 -709 -961 134 -409 -177 793 61 -213
 491 -635 -927 -650 -26 -533 607 40 198 -175
 -792 -674 547 451 406 -558 -394 -583 -682 -984
 416 -370 -763 653 -645 570 -808 -272 -184 -862
 919 355 754 483 -14 -681 -41 905 -125 -719
 -787 274 919 146 985 -378 -325 620 -276 -1
 -885 358 917 39 309 93 -440 86 492 122
 316 -919 572 -511 -750 -243 91 -543 -651 826
 -545 -630 323 583 -266 312 -492 461 723 295
 -448 -386 -746 160 -772 678 -980 -633 177 -170
 360 -942 581 961 123 82 350 765 -294 -135
 820 -529 -320 291 560 -489 -347 -850 -26 879
 527 -615 -171 -902 -306 -44 153 -325 -466 874
 208 -575 122 474 641 -602 -796 -142 -484 -319
 429 296 957 67 630 858 -750 -25 -747 -791
 151 -226 163 -798 381 -393 106 502 57 -997
 203 -942 -263 -481 -830 744 0 777 -446 -278
 935 133 -782 -706 253 905 -722 710 97 783
 387 -958 -288 670 461 -897 -239 28 301 557
 -794 -377 263 754 442 215 253 -966 -282 553
 -124 -948 -471 774 -45 -950 750 -736 -874 -467
 -110 903 -515 -363 -114 -702 353 60 38 -866
 -982 -680 990 -441 -514 66 -561 -575 -168 -628
 -810 -406 -239 -375 945 852 -981 980 402 -518
 642 192 933 -24 -962 853 -194 880 -697 656
 -772 722 705 -364 -859 -963 175 -943 -135 85
 -707 -636 -711 -601 -665 48 349 284 928 935
 -502 100 -31 815 -94 -550 -672 -310 161 -19
 527 734 75 -31 -45 -70 -708 128 739 697
 296 940 948 266 872 455 -744 184 -364 366
 -867 -443 -548 -922 -219 355 -212 -987 -85 444
 -101 -560 913 534 409 720 -931 705 632 -891
 553 -74 469 -591 -744 986 274 -471 717 -134
 -569 -934 -781 351 797 -565 504 165 642 -269
 -281 204 386 299 315 -875 435 634 -724 43
 -954 -331 -124 508 66 -932 -52 -775 -620 369
 -982 182 -126 -274 55 830 -805 -36 666 423
 125 -655 152 493 815 667 -98 402 -556 389
 -839 888 -36 -222 -495 -530 -930 -616 550 -101
 -800 575 770 -946 620 -852 -916 514 -578 519
 545 -213 975 613 -445 840 795 417 -617 -907
 -114 -310 161 977 730 -823 769 233 192 -799
 649 -422 -564 -52 -443 10 -730 -58 242 -213
 598 -411 -693 -339 -122 111 840 -358 981 491
 132 749 -703 -733 -71 482 -976 236 -898 -166
 876 816 -809 837 987 -649 630 -586 154 -613
 393 -961 -251 -139 -133 -75 -182 -568 -228 867
 13 28 142 540 -843 873 969 11 -783 393
 899 -216 864 340 46 -526 585 631 -576 452
 -880 -288 543 664 239 655 -324 75 941 -20
 -101 139 -780 16 642 -326 891 -712 358 -607
 -336 852 -551 -442 -941 903 15 150 162 -512
 -957 -73 311 -186 -592 711 -662 710 -931 -783
 478 -951 -731 731 272 861 -955 -241 229 -472
 -332 -323 983 -900 570 -890 -122 664 -825 -895
 338 -967 342 -532 251 831 -155 447 -914 -605
 -650 500 -396 -340 -364 274 -40 386 -351 -767
 408 -792 610 349 -225 389 -167 -429 -744 19
 -608 224 859 -203 -71 -36 -671 497 -7 361
 -217 -73 -860 689 -561 -846 548 484 198 -956
 -281 -995 -168 607 613 -315 115 254 478 -663
 639 390 -970 -595 -191 158 79 271 313 783
 -220 160 -285 -275 -836 -624 973 249 -815 -920
 23 705 -593 738 -15 175 -759 826 -363 429
 -70 -804 638 -207 -624 190 -392 696 36 -280
 -946 -530 -373 -10 -143 409 -537 979 6 -527
 941 -997 809 -126 615 570 732 241 -228 922
 -124 851 497 -16 160 -303 645 -651 153 -161
 -855 822 563 -206 452 2 -474 -122 -951 -465
 -229 24 852 412 -162 -314 564 249 587 -269
 410 -445 710 -264 -975 579 -371 -618 765 435
 -674 213 500 566 153 -415 -255 -4 -59 -199
 -970 -883 -120 -306 953 -876 730 692 577 -860
 -341 -620 -498 314 -863 -148 107 -175 -585 369
 -981 -128 485 296 -698 -878 -133 913 -507 -220
 663 126 -162 200 674 -700 -657 953 227 79
 943 -137 354 -191 -895 439 492 -538 440 -957
 614 -799 -816 89 541 764 67 699 -740 873
 -176 -402 -410 -214 437 520 -418 -102 -89 -275
 194 -768 840 -992 -620 585 985 -38 804 -182
 827 -52 629 232 -33 734 313 144 278 -872
 -949 -415 -209 912 527 -437 -889 -578 -812 353
 -605 128 834 167 -806 852 -965 -835 -945 -221
 441 16 -968 -482 803 54 -569 -891 172 376
 -910 -510 -958 191 945 -808 401 438 -539 650
 -405 -228 -894 858 -958 -32 -966 -357 -946 -406
 -635 -424 -679 139 923 -874 -5 -928 917 517
 399 820 -593 55 980 859 978 -11 479 -756
 838 423 420 -501 -720 616 -734 700 -861 99
 -18 946 461 -522 839 -664 905 -242 -205 -75
 -88 -513 -821 252 667 -867 -654 782 940 -2
 -852 225 698 927 -774 -957 -919 969 -924 -935
 -393 123 -983 534 -179 -741 378 950 -516 -339
 -692 -934 -742 -236 -964 -275 -371 648 913 178
 -840 427 702 -952 -969 37 -125 -987 951 275
 -50 -824 639 92 946 695 -943 267 -422 -603
 131 -521 -416 402 -924 -468 48 -367 -416 -999
 409 288 107 -372 207 7 -859 380 958 182
 -874 -673 136 214 188 350 429 -424 -503 719
 847 855 421 681 -811 432 -370 625 -230 -921
 -506 123 -715 -621 -35 34 988 31 873 -511
 231 -790 -102 -646 141 344 -478 -286 -717 -439
 -175 836 -278 571 33 1 201 -101 112 -761
 524 936 937 71 508 -46 274 869 -861 -534
 171 861 530 -298 -646 -408 -759 -851 -771 -599
 841 846 790 -724 423 -795 392 -648 217 -651
 -577 861 -675 711 -56 -347 565 -883 284 225
 -909 72 730 825 -577 367 858 -290 619 488
 432 -547 -45 -917 -287 699 730 49 -537 688
 -791 789 -962 561 -475 973 297 933 668 635
 -258 550 752 -539 779 967 424 -709 702 601
 -985 -7 357 744 199 514 -373 -578 759 -615
 -690 -417 -984 817 -722 -162 815 845 -903 23
 -808 444 965 -407 -414 -558 220 -728 -654 -416
 -681 807 -145 358 -805 974 -898 409 -293 -237
 -683 -230 530 -353 639 -513 257 -153 794 162
 -806 -217 -836 362 -446 675 -610 459 348 -234
 731 -972 68 447 907 -737 24 674 -730 -507
 406 -739 -450 -37 -955 -675 164 -554 -201 -686
 182 -688 324 -806 -795 -413 463 -446 -127 803
 136 -340 -929 -433 20 503 -154 -549 -327 -15
 472 -917 752 323 -275 925 520 239 -730 -418
 -996 -949 36 529 762 -795 234 -11 -422 -360
 647 -248 -915 -145 367 -968 -828 -33 -887 -918
 -143 -124 779 -49 268 932 449 -104 -489 -726
 284 -194 -20 -559 538 -100 530 377 685 812
 59 -85 97 -355 -766 431 139 -584 -337 -952
 -157 -698 474 148 206 -535 619 -496 -548 -115
 323 -644 -84 -944 898 -265 208 492 536 -251
 940 -453 74 -552 -704 -193 -845 300 636 -616
 127 -393 -921 751 308 212 -502 16 -819 108
 -847 964 580 -191 -829 506 857 -808 -959 440
 -129 -464 -323 348 -576 92 -342 -587 738 417
 -376 192 556 -488 -154 -160 -538 -45 -301 667
 -530 818 -44 -590 -774 -427 -213 -71 -473 -928
 -200 77 865 -782 -479 -894 -304 926 -283 267
 764 916 24 -229 -562 -150 -568 -389 -996 798
 -632 -142 715 -287 -255 127 -266 -372 -985 -666
 641 288 373 370 -320 667 612 -757 -594 678
 -867 -406 -593 -373 -151 -574 617 145 -109 169
 -325 -929 657 269 -926 -260 -479 -130 119 -215
 -732 185 509 191 -231 -297 497 -194 -963 -87
 348 81 683 31 512 -444 -163 -80 434 -858
 -812 -608 -819 -503 -843 -394 -374 -150 273 379
 -723 680 827 111 -849 919 -311 -910 898 948
 -35 940 461 304 -511 67 -752 -676 -112 608
 -628 804 407 -998 546 416 47 596 -406 215
 34 -758 288 -649 -432 -588 -921 265 -181 178
 -648 885 -273 -824 254 -694 573 -41 958 29
 987 303 -378 -465 189 -213 897 993 -406 994
 698 -556 39 -537 -96 91 15 195 -618 -762
 -679 34 860 -839 169 491 -913 345 -697 673
 663 733 66 -376 -480 954 -567 -910 -886 440
 -777 795 -416 149 -220 -106 625 -405 287 808
 425 70 -307 -861 177 221 -132 571 889 -177
 161 -267 -85 974 -431 216 -888 691 237 529
 175 -419 660 586 -530 -619 306 374 273 -188
 372 -590 -848 -999 -440 -179 -276 -303 -301 -661
 -694 -564 758 506 801 -528 -113 -35 -629 -762
 180 -72 810 849 -852 -375 421 -591 -998 589
 416 662 -581 -820 996 -868 311 -606 108 830
 482 -260 120 -758 -174 996 -841 -580 494 563
 -589 -122 -826 -259 -145 -487 -129 -667 -488 -629
 -841 856 -488 537 90 325 -895 359 384 -546
 -394 124 -229 -253 -386 165 433 621 496 -805
 29 730 57 333 -529 -161 -108 93 747 -199
 -123 -452 -805 910 552 660 -220 508 766 227
 984 578 675 477 -153 -73 -576 351 340 -567
 72 -783 640 -576 -937 -457 445 724 390 -486
 -7 -637 793 732 -139 -96 278 648 -604 767
 -587 -927 870 -20 663 -382 76 729 467 -49
 -705 113 894 -481 -789 -588 -111 882 949 749
 572 -907 984 512 -319 863 -964 -379 -466 -265
 578 -401 967 96 279 -498 -551 534 201 770
 236 764 85 332 75 178 135 916 141 951
 -967 35 192 622 -600 414 885 -41 -285 476
 483 841 -736 -694 716 507 -218 404 231 -606
 -951 -664 715 600 -81 822 829 885 542 324
 -434 351 -562 980 324 -488 430 475 34 46
 805 304 -177 425 983 432 -777 -482 -924 582
 741 410 -610 -480 -751 -300 -953 -268 121 157
 -928 -93 -809 551 -401 971 928 -436 -786 262
 540 368 765 -861 0 -150 -80 549 -379 -792
 -590 -657 33 -589 728 -559 -755 -471 -725 -157
 -551 126 -904 -255 615 594 150 -757 -637 626
 401 -769 -117 609 -37 507 -866 -339 -580 -967
 -455 446 -59 630 -308 263 866 -973 -101 -445
 -824 921 415 965 -68 -271 717 -391 770 444
 226 591 593 -572 -670 -329 316 -722 -475 -768
 -444 284 -448 539 516 -982 620 452 767 446
 903 -671 370 -985 371 465 -802 772 951 -921
 -93 -142 727 -252 -530 -857 997 -325 6 -187
 -855 764 -511 163 -872 -771 970 495 259 287
 -306 -676 877 762 460 368 -444 -760 -761 -753
 49 572 348 -600 -680 -2 -909 471 7 -33
 413 245 147 505 -32 -879 -103 261 610 472
 934 909 -362 -556 -635 -583 957 647 -825 -49
 350 898 884 445 -430 -31 -933 -280 598 -248
 -459 -458 -390 984 355 -118 397 631 -800 -964
 -485 -227 -848 -929 -676 -735 836 -710 -721 148
 -681 440 -93 -636 -740 707 172 -469 -944 470
 -134 -869 143 184 -426 -571 -654 798 559 843
 -700 -260 22 -500 307 -433 989 -948 -525 -400
 -387 582 -954 593 -767 438 -883 157 -473 -534
 203 -147 711 992 66 115 624 -393 -772 -447
 532 849 -613 215 -330 96 329 -408 -396 880
 36 -429 -379 -488 300 -444 -404 -624 894 461
 478 570 -118 -915 -746 -467 -294 -8 -154 179
 -572 59 -871 -369 362 -480 -525 713 -318 -402
 -350 713 123 78 520 -87 -437 -346 563 453
 387 -711 -575 -510 0 -577 772 -380 -49 908
 -629 439 -523 275 -113 -808 -730 720 3 -509
 146 -778 771 242 345 -781 650 965 277 45
 -349 187 672 316 -111 -143 213 526 -369 -936
 -948 -467 99 -117 -129 200 -921 915 -704 -249
 -700 767 -393 -211 -301 -522 157 -124 257 479
 345 -855 -546 473 183 872 -700 -852 281 -690
 138 -433 -249 613 484 -147 -6 -981 491 855
 -311 -668 609 -839 -301 -626 -111 -621 22 -980
 -76 -670 -152 547 947 -123 -507 -495 -576 -524
 499 -127 -667 636 149 906 -757 -108 -235 -828
 -575 -339 703 -592 220 -941 592 -687 -37 789
 -750 -807 -209 -624 -245 -889 190 774 -757 -19
 -850 366 -305 788 555 -410 842 -42 -144 608
 851 -502 -875 -568 658 -427 -376 -870 -226 985
 -375 -853 937 587 254 326 1 872 -814 -650
 -139 -707 -293 766 -416 -974 304 -798 569 609
 -284 809 -193 882 -431 82 -772 642 568 -189
 -380 169 -692 913 -536 619 -302 874 -590 -437
 667 -758 269 864 -987 -533 63 -830 -620 54
 -220 848 -233 -494 938 252 602 -667 585 -564
 -426 -182 -531 685 608 -423 -651 -859 411 776
 121 874 886 -101 319 -657 971 -539 -82 -153
 -688 -678 -936 742 429 769 -915 500 878 -425
 257 -788 -933 853 -18 -465 991 862 -745 790
 -622 422 457 -237 -395 -204 -429 593 532 376
 -749 -702 359 68 725 -417 -324 91 757 211
 917 148 -515 -338 -620 -748 -862 -587 296 -478
 340 -924 346 401 413 -419 533 430 159 -294
 -157 -747 -85 -978 299 -483 -9 -552 -963 -838
 -136 -65 -811 709 -782 -731 830 -806 -554 192
 -553 900 689 -489 976 721 516 -278 895 323
 281 -581 -685 198 -134 -300 -365 780 233 68
 297 734 -800 697 887 -923 -235 597 -2 -153
 739 -206 531 230 -258 -387 -737 21 -955 412
 -567 -977 -507 45 -660 -911 25 842 818 -437
 532 -390 16 -234 -337 -79 296 -691 -71 -213
 -200 -556 951 533 -67 -312 -563 -233 -107 4
 380 -512 828 -901 -508 -18 -995 -352 -230 -780
 -615 163 897 -968 -128 627 334 -926 -712 490
 655 628 704 -368 982 -15 -15 124 -148 363
 323 143 222 -386 500 579 -743 413 517 662
 -124 780 29 766 -953 -275 -546 324 -36 801
 -394 -55 600 918 304 259 -166 124 -684 627
 -437 -203 -512 973 20 283 -270 -346 -878 177
 -792 -526 4 -48 533 150 56 -50 684 -292
 -946 229 936 20 -652 887 -330 -976 -173 966
 502 881 -284 899 302 -767 -673 -180 609 -818
 348 -315 -38 -296 -865 -872 268 902 -502 325
 -171 -167 639 94 -300 442 -163 -795 -147 -962
 -966 -642 -365 808 -477 -630 -55 292 230 942
 -899 263 694 -568 -430 390 -1 388 -740 -934
 -913 -447 624 -830 -925 743 -173 824 -927 544
 599 832 410 540 321 141 -16 480 -421 935
 135 845 -107 162 -726 699 730 -445 214 569
 694 -292 246 -878 794 35 -399 141 -18 -628
 -151 14 -8 785 668 -199 -673 851 596 724
 -942 -984 198 -95 406 812 127 -790 -304 -499
 -421 193 -726 489 544 -256 756 -620 857 722
 -442 530 -546 -838 -763 692 -952 470 -281 -65
 -650 -536 141 150 461 542 -776 -828 576 -99
 625 -485 780 183 859 527 -743 -217 -738 -859
 722 -323 -535 -659 -329 321 -554 549 111 -939
 79 198 24 62 -638 -977 717 4 795 -776
 514 -632 -769 -482 607 -927 -31 747 -195 823
 972 -898 -313 -902 555 -486 74 -521 -715 199
 522 -655 -281 -883 464 -892 -845 -266 78 -847
 -483 -455 330 990 702 492 30 654 708 314
 104 -332 885 -322 -85 -955 768 137 -485 -940
 -671 -665 -520 705 -889 -885 -913 -810 -919 585
 974 462 -268 166 -228 -628 996 -807 123 -94
 -514 986 -575 -88 -877 703 887 405 -12 971
 -228 275 -728 -583 -67 -643 597 -283 803 -231
 605 156 370 -332 80 144 -919 -20 763 -564
 846 -938 -992 -804 -463 447 142 643 -164 545
 -740 369 766 -10 364 -244 -283 -874 -320 -172
 -545 307 751 -418 -236 114 -66 345 640 292
 -578 -761 342 753 356 749 -434 523 -903 -621
 -689 793 280 -291 -653 289 546 724 -367 -120
 -623 -193 -195 -509 444 -509 -457 762 611 -125
 -669 571 649 -748 -360 89 -299 127 -869 -955
 -96 992 -818 -261 342 607 70 478 99 466
 155 -895 651 605 761 439 167 283 -942 -601
 513 862 605 -51 112 759 -480 926 -847 -816
 780 133 -823 -936 -933 368 -966 -292 -362 299
 422 -243 -847 -107 334 -583 159 278 -909 205
 978 -143 -797 -752 411 777 -621 458 863 814
 340 450 -365 348 -136 -276 257 144 244 -538
 -755 283 -743 -350 951 -182 851 457 -889 569
 -489 137 80 -850 -244 -791 408 630 -72 -317
 304 484 -378 -953 -336 -531 38 952 224 492
 240 -225 228 -955 -966 538 844 -800 924 185
 -697 -690 -724 375 -331 764 766 734 396 299
 -424 -820 -640 -76 85 -881 624 497 893 -637
 542 101 -845 -851 68 771 -262 -472 -559 834
 -423 865 133 -280 143 631 -413 589 772 -731
 -466 583 476 329 -698 737 -880 269 -446 -346
 -38 199 105 -728 285 -893 740 88 -307 -511
 -546 347 -223 574 -73 239 205 -749 995 553
 -604 847 -956 -851 689 -70 -850 -290 57 -522
 63 381 -531 121 -874 346 871 630 -423 -728
 696 -854 -653 975 -776 841 718 -690 -536 428
 372 -232 -149 -252 -493 -333 184 -588 -407 530
 178 394 -172 -229 -808 -6 780 851 808 -707
 405 601 533 634 902 354 345 223 685 -971
 -957 -660 -51 -180 4 488 429 -972 914 835
 290 857 -154 -736 311 -293 -753 -258 703 789
 -417 908 -803 365 -752 -490 -779 593 -913 -132
 -286 -72 834 -985 839 -91 100 -252 244 -655
 -909 465 -214 -825 -630 -214 257 939 -343 -507
 -74 -227 195 316 -369 -285 868 -824 -63 984
 907 -836 -164 114 -224 678 -88 416 683 523
 -903 -835 482 -373 803 -771 572 -963 -666 -206
 -864 -779 365 596 -483 593 315 -189 -668 -764
 4 79 -5 955 792 -223 -777 -162 566 630
 -975 759 -728 -526 409 -582 -258 -55 441 767
 -214 -540 383 671 -742 -252 -776 196 -784 -184
 -736 -859 -306 825 484 -535 -751 -891 786 555
 -909 587 -869 -928 -449 829 451 -3 -468 -491
 612 -681 705 -864 790 299 374 -321 862 -530
 -424 544 846 -240 -971 216 811 370 800 -905
 420 386 739 -414 -265 -117 -710 -912 959 158
 71 -279 -467 489 970 452 86 -101 -763 -683
 -75 916 782 -750 600 162 918 857 -645 -842
 -816 -416 414 -560 868 536 -130 -573 -95 -319
 -593 894 143 -792 -484 669 -825 -950 -94 758
 252 -14 633 931 365 756 948 481 22 181
 -421 339 627 865 -604 -678 153 394 516 -607
 607 -309 388 -169 -149 993 -392 -293 -380 215
 223 -847 364 624 -492 -718 346 757 227 -949
 -467 451 540 -118 -493 799 686 190 -980 -275
 168 -721 665 -226 406 -773 -167 578 13 41
 317 -754 136 772 264 -571 -198 -20 110 166
 -462 837 748 -28 -836 -870 -878 897 726 -300
 -5 710 -734 -394 -858 -899 300 -460 474 643
 23 353 -145 655 -922 -413 747 993 -857 -725
 315 -883 673 224 -501 -982 319 882 -304 -889
 728 489 -642 358 -237 -78 -840 768 -750 -490
 267 -86 -344 -437 882 611 -825 121 -72 -43
 596 10 -586 963 -233 -556 933 -450 391 183
 -47 607 595 -169 274 935 -84 797 418 -826
 340 428 -979 -55 -690 -815 -160 -714 106 -822
 455 570 37 484 -81 -502 857 -290 737 -72
 927 231 -813 562 567 413 -341 -106 -77 -955
 -107 718 995 -132 292 -883 33 188 -339 -713
 -108 -238 295 697 -794 805 918 -699 -462 -695
 -872 911 -656 119 -812 -198 -421 -444 -254 726
 -69 -716 -863 -193 -669 -399 -687 993 39 -649
 -225 -772 24 294 -834 -537 -992 -676 -435 -182
 522 -75 -790 947 213 743 670 -58 545 -788
 -695 -245 -830 -841 979 -717 -555 818 709 831
 -948 475 185 158 -448 260 884 385 643 977
 797 -281 4 -532 -945 450 845 27 496 681
 645 -463 -795 914 29 554 823 425 -300 -229
 -2 -935 743 -824 -609 348 -925 913 592 -184
 -737 -617 -731 -322 157 -320 -378 -122 845 487
 800 78 -958 961 -714 968 417 -833 139 516
 439 -301 795 175 301 -267 31 -280 -546 -210
 -822 146 -902 -472 907 802 -934 939 50 -267
 -236 -688 -488 -945 -412 476 269 -491 -678 495
 180 493 269 473 900 -961 -5 -976 -326 200
 -462 621 414 168 -27 643 220 209 -65 -175
 -848 -301 668 280 -164 -243 44 130 -584 171
 -674 -67 -516 79 -221 -188 -215 -206 902 949
 379 -278 862 130 -954 715 -419 -583 637 -122
 -123 -452 271 -65 -644 630 337 335 158 -178
 -698 -227 95 -187 729 -132 -532 -364 668 -594
 -460 435 -431 -133 -694 -253 -869 -550 -439 -872
 867 582 344 738 504 998 -78 -593 860 592
 -66 6 254 392 -758 361 -478 -759 522 -718
 90 20 16 647 373 -558 -136 -544 -382 433
 282 79 196 -471 339 -914 -950 272 55 249
 606 333 932 630 -511 932 -540 392 390 14
 118 -851 339 -170 -479 -655 847 -746 659 -909
 -796 984 -371 -399 -383 -854 343 -730 -359 754
 882 -533 -297 -197 267 -157 400 -518 -960 962
 -421 444 -314 622 -622 285 407 172 -23 981
 -281 -883 335 820 215 476 620 296 -825 -187
 113 -512 -879 -820 -10 464 526 -789 840 603
 919 938 255 789 647 153 -653 18 898 -277
 -328 -909 -158 -585 348 917 170 84 -731 -148
 421 -555 483 340 572 -253 -552 -215 639 930
 843 -745 418 -574 946 -255 -104 -824 -723 -295
 806 -740 766 -733 515 499 325 218 -432 826
 904 333 -854 -478 -774 -419 201 904 -232 103
 -130 -597 -671 -774 367 -662 673 442 -121 971
 -54 850 -185 287 -974 850 -433 302 240 571
 -1 560 228 -518 -464 -749 -222 -49 -731 -939
 -430 543 607 -695 966 346 -100 -954 168 18
 169 241 237 -643 -19 -313 706 400 730 171
 246 576 568 521 867 -170 545 40 897 942
 554 434 396 -117 -422 -914 -253 847 92 296
 -479 829 -542 315 351 -398 -768 -206 641 480
 78 -699 -617 876 -889 617 943 774 606 -70
 661 956 -5 264 721 904 982 -527 976 -998
 -31 -490 533 102 345 -57 671 -73 -127 -27
 156 91 -764 -911 -775 591 190 -651 -63 504
 919 -408 893 357 -170 35 -60 -389 -205 -253
 497 -521 -364 -301 -68 632 987 505 35 -848
 506 -607 -496 -546 88 779 -550 -412 -111 670
 605 -709 160 -884 -905 -446 -972 604 -837 -343
 107 -531 255 -575 -70 -669 -629 -344 -555 798
 -969 -723 -748 -535 -136 441 -708 -967 702 212
 231 -83 -501 548 -224 6 -275 -216 -714 -66
 854 -513 705 -382 -57 -833 852 252 -569 -724
 115 -532 -787 775 171 623 559 500 -160 -855
 -272 419 758 -907 445 987 -882 402 -216 -886
 -180 933 761 412 360 -199 577 -924 699 979
 -813 -834 90 146 -625 522 844 329 621 -839
 -582 -607 -193 -219 526 12 197 896 661 -925
 -844 437 572 398 -796 534 -682 -599 487 351
 -714 -161 -496 -560 445 -475 -292 -215 -420 634
 794 -473 832 -879 324 -91 -679 298 -347 -573
 5 -575 691 -953 -997 500 994 391 945 505
 541 590 -847 183 -691 -140 516 -713 -277 310
 203 -520 -822 352 444 302 412 32 441 -187
 -580 523 -916 -159 127 277 515 -347 660 -261
 952 -241 923 649 6 -830 889 -234 -377 172
 600 239 -302 967 369 829 -262 -885 523 988
 351 -124 -539 563 957 991 -263 293 -754 -273
 -702 -11 -187 870 353 -218 -582 198 242 -207
 -652 344 -297 542 -297 -914 -108 940 888 365
 -787 876 -187 751 -193 364 590 529 758 88
 -803 -33 -713 123 -167 964 438 -713 124 909
 291 934 -745 -622 497 233 664 -15 624 316
 -375 280 2 978 -116 -193 -940 -39 -713 738
 884 265 -821 -924 363 -790 -266 581 965 -712
 -412 751 885 -945 -398 -949 981 -490 -319 -725
 -56 -972 -417 -284 -700 265 5 -994 748 610
 688 537 -10 259 -128 -435 756 -113 927 -320
 -173 -474 358 199 17 -412 200 205 -738 -957
 -556 798 153 716 -833 -621 46 -757 -88 115
 896 -426 -871 -525 53 333 -529 185 841 -335
 -480 65 -201 -649 145 -468 174 -731 -880 315
 -812 684 -704 215 -306 -892 -956 959 935 -676
 855 -854 -330 980 -291 518 371 -424 -238 -501
 701 55 -402 176 -941 -624 -611 489 -800 -810
 849 623 717 -452 174 986 -492 718 -138 -4
 762 -113 818 -436 -622 964 224 835 -11 -523
 -815 303 994 575 727 -564 236 607 -387 618
 221 -689 919 653 340 -856 883 820 -109 499
 533 660 -359 -429 -271 213 390 -335 -408 656
 843 -786 -661 425 -774 -390 811 332 929 -331
 717 -294 933 -403 847 129 296 -976 605 -340
 -363 622 -48 108 -564 -941 -970 176 86 872
 280 414 615 -500 -659 283 689 335 521 338
 53 871 -312 130 -468 -765 841 -595 -286 -429
 820 474 110 -304 922 560 897 -219 462 777
 -878 -401 -549 388 740 -46 252 966 -39 -423
 -424 -795 -159 62 -545 -270 -865 -940 231 -959
 254 780 -692 -387 740 764 152 868 -256 862
 929 -67 -921 77 -179 -939 -892 164 218 156
 186 951 890 453 -153 777 -321 148 219 699
 687 -129 114 -523 226 91 315 -769 690 871
 -207 256 -365 -983 466 -242 11 -456 -211 190
 545 -222 -206 156 859 671 -627 954 320 55
 -672 -566 999 -712 22 878 30 738 549 -988
 -79 254 185 -122 -273 424 -64 -684 983 369
 173 -725 54 777 569 -751 214 -142 608 571
 68 359 789 -240 298 175 -402 -101 -524 622
 866 -402 -79 120 -191 123 653 363 -149 292
 -396 -870 -247 -511 -917 -873 -424 -846 24 -996
 709 5 775 -221 -570 184 404 -811 640 -586
 -305 619 834 917 323 635 -346 995 -976 63
 -501 -630 293 -26 555 -621 -89 -607 -333 16
 -735 -196 935 -326 -622 -725 -214 76 692 49
 -597 -438 121 629 -271 116 -121 519 -752 -668
 529 996 -905 -255 166 -239 358 -542 -94 25
 975 -13 -747 80 647 43 -459 -388 -249 383
 -341 -541 -461 -339 -301 -422 971 -436 466 772
 -566 -422 811 440 565 191 671 -98 609 -504
 25 -359 -222 866 -792 364 -612 -457 92 -202
 498 -299 -290 401 371 720 106 631 477 63
 650 -190 -408 -990 237 700 -23 699 -400 874
 939 -337 -119 -477 59 -752 -878 957 -412 -921
 -273 -565 991 -935 -414 -369 974 499 -250 764
 -483 856 984 250 -797 946 -93 -463 -457 912
 645 570 -136 -612 244 768 -53 -197 -754 -776
 995 385 -483 794 256 -488 368 -251 -260 -334
 -232 -809 -924 -812 711 -226 713 -111 -781 86
 -35 -303 -941 -915 436 -718 -165 -505 497 -433
 599 -486 -105 376 834 741 676 -698 -171 -796
 378 -364 28 150 -153 309 199 -953 -540 815
 303 158 -338 -79 -436 -426 -542 428 453 -370
 -741 438 -672 -759 -898 -771 566 381 347 345
 -707 -570 -865 -914 -519 -741 668 -446 934 -633
 524 -901 -766 155 -378 106 442 613 -600 312
 -153 -657 -77 -463 -521 20 -31 -56 -455 630
 722 -657 -790 -288 789 -480 671 -763 -698 -956
 745 -902 -902 157 -399 -497 -669 778 309 -237
 918 28 65 257 -460 -10 657 882 736 -75
 116 -144 -682 -138 717 746 -991 57 796 180
 -779 908 -203 -413 114 588 509 -916 -801 -315
 -310 76 -444 -70 745 158 439 574 -57 -76
 606 -169 575 -191 -560 -955 941 -916 -359 641
 -570 -4 -742 143 -270 813 -599 -532 -990 -841
 563 -990 -553 -838 601 -443 966 288 -908 856
 -816 -559 -327 -496 297 -309 456 115 -733 -961
 205 -736 -340 477 -477 532 170 -609 962 267
 451 659 -311 -630 349 -306 -548 -296 180 -656
 -320 -729 137 -71 -223 -740 -179 945 -472 -911
 -937 -792 -29 -904 873 -422 -515 728 218 -653
 -738 503 913 325 -233 -609 289 -241 -749 -4
 571 -599 -257 -959 895 165 -704 599 -800 -389
 308 -18 -42 -395 742 -215 406 709 323 957
 -254 -656 158 87 -361 706 913 133 711 81
 31 -760 622 774 531 -958 676 697 -508 -935
 0 748 945 898 784 444 -357 -626 -464 306
 145 -902 100 -540 -34 977 -263 592 172 -905
 -246 796 789 -68 764 19 -209 -629 -612 -867
 594 -973 522 90 946 -485 633 -213 681 -479
 -589 -171 -18 -536 181 404 -818 -42 694 -988
 -917 -656 323 675 626 -679 -276 283 -158 911
 -293 -715 -280 -315 -207 -468 -40 -59 146 -103
 -735 -859 770 545 -207 373 -772 -479 405 644
 -918 371 971 -748 -414 690 -39 -871 176 172
 -502 -582 -998 810 951 -148 -428 -361 915 -57
 308 884 -743 333 225 -819 464 582 -831 -432
 338 -954 198 -249 -769 -455 -91 876 963 -93
 -474 -685 -715 -137 -588 -430 473 -46 -83 -428
 98 -711 792 278 -516 -329 -457 -164 591 852
 -511 722 -136 -781 -276 38 -605 -967 703 -531
 -95 604 -523 -852 299 -773 -666 -728 574 -326
 832 729 720 966 -390 -978 96 124 -422 501
 129 809 -421 -992 323 46 -13 -856 -861 101
 582 -664 807 998 -322 918 921 921 367 -175
 -278 -905 267 752 490 -811 -888 -92 556 275
 776 -672 -475 -343 -832 -566 -764 -760 480 789
 -151 1 -365 -451 -634 908 -704 545 887 -415
 371 985 843 -872 40 -910 -741 -184 770 -69
 -349 753 -547 -863 156 -538 -109 857 -990 124
 -575 -633 -161 773 284 239 669 -231 223 -246
 -789 287 757 712 261 -59 -868 997 232 715
 -34 -69 697 -986 651 -655 -460 -915 -278 -799
 -197 -363 -656 -569 349 111 -702 -259 -518 -157
 302 -351 697 104 63 26 751 -327 -750 -810
 683 -241 -799 -264 -450 124 577 822 905 -965
 974 -277 -122 -809 -866 -578 -455 -288 -654 -978
 313 220 -758 -777 -569 -234 -840 -281 -724 932
 834 974 -759 901 -255 235 163 766 -694 251
 407 -173 650 393 460 164 346 -840 519 -290
 221 463 -219 387 -873 -724 422 5 -387 860
 -319 730 -588 327 675 456 347 -263 243 98
 503 -664 -873 -372 -692 168 449 -804 -306 -81
 75 675 -727 298 -535 309 -440 416 39 775
 541 -492 -438 902 -335 606 -961 819 -691 748
 383 -760 -295 -411 288 -173 -590 -581 491 -679
 -949 -433 -842 -32 539 -257 618 -870 -345 -505
 -71 467 185 349 620 -671 -205 -594 955 -39
 837 58 -641 574 391 -804 -390 -615 976 -849
 -229 51 942 -572 423 -185 -386 292 -541 820
 43 -831 -118 -93 -521 -864 305 -926 732 561
 329 719 -520 222 399 -687 772 504 -263 561
 -500 215 5 77 272 -151 -113 449 779 -787
 -477 -168 -699 -878 -953 -74 -662 -611 170 889
 -293 -281 -362 719 -312 431 132 -152 -209 -251
 -112 -809 -755 451 580 -295 -541 -227 -374 106
 -124 832 451 -638 734 -292 -151 -208 -628 480
 301 -504 325 763 636 456 255 938 857 -954
 688 -244 -653 -456 379 759 -147 931 -779 380
 -493 -109 -138 -317 -368 299 -51 227 75 777
 -119 -375 104 871 61 172 441 -785 309 -234
 623 172 648 -837 -463 -459 196 -972 -73 501
 -566 309 -107 483 -394 926 -224 -500 -718 -917
 788 -193 366 -971 -481 -607 -447 -120 -122 -503
 887 432 797 534 -409 844 -759 -106 328 -578
 -639 422 -505 790 72 -142 313 -427 -308 294
 231 56 842 -973 -628 740 -979 -520 949 -371
 -519 676 -636 -991 851 -944 -269 350 -263 966
 311 -123 113 743 -904 78 -172 -863 312 402
 -841 411 160 -47 -414 584 645 228 -814 381
 -82 618 -854 913 -194 -584 436 269 -770 174
 -771 -872 23 178 -187 695 -910 -548 -50 305
 -947 -309 839 -379 -401 -966 -352 284 -593 -407
 -89 175 69 -576 476 -411 -952 636 875 753
 -235 265 -369 -36 -755 740 621 -13 631 -351
 858 -998 324 -516 -851 93 588 153 -124 -69
 1 -433 840 118 531 78 789 -262 -167 -575
 -756 -86 959 -755 -567 718 529 -602 -331 290
 -395 779 -21 9 -177 -327 604 -742 -100 -378
 751 -230 326 -133 156 -839 728 422 326 -817
 809 -402 715 772 -480 682 401 -150 -96 -600
 -245 -247 -160 415 -413 622 -417 784 688 -277
 -962 341 -670 47 186 491 -290 -565 464 -248
 686 -171 180 -827 220 -824 528 814 446 611
 952 -157 646 920 -535 -853 958 -289 -455 -455
 -660 -640 -981 -542 -409 664 -274 421 748 -102
 -159 742 750 -59 57 16 -784 584 154 907
 405 -880 -838 26 211 -833 124 -621 -560 -204
 -797 527 -105 867 -840 353 -773 741 209 -296
 978 340 -740 -477 -31 -134 886 978 52 -281
 -707 31 824 282 -856 -903 -363 -875 -160 -248
 -272 972 744 507 576 556 -845 -994 855 -596
 -406 938 -929 -192 282 -751 -138 309 -974 -808
 -389 482 4 716 393 -126 -936 -813 645 -606
 499 -66 -979 -150 -92 -675 141 -866 995 -369
 23 212 -178 -563 -988 98 -12 98 947 -725
 381 770 -260 34 215 -348 728 -326 993 706
 -506 -166 -63 -600 -130 964 341 -196 666 -999
 -593 -528 -800 -833 -905 -505 -673 -83 967 -724
 -618 -444 -446 464 -40 -66 -985 630 -61 253
 128 -946 971 -869 -848 -919 540 936 29 -599
 -454 -694 -589 9 568 -515 -399 -391 -574 718
 -240 577 -462 -48 -516 -346 -460 -998 220 -391
 712 263 -432 -528 756 -415 -210 -712 223 819
 78 636 -76 -326 407 534 883 391 217 124
 901 -352 -797 -312 -577 911 -553 -864 284 -765
 -833 -789 -990 -69 -815 -592 -938 -458 -120 998
 -181 -756 -495 584 -951 -657 448 -638 -251 759
 -270 -764 -199 248 79 453 49 -678 625 -445
 98 -106 -513 -558 154 -436 756 155 -936 525
 960 -994 -412 -293 -340 -969 -82 -837 393 -168
 -227 -529 909 -665 -431 -325 686 -610 491 75
 -673 543 -575 -931 -25 193 -822 -954 752 -792
 827 -677 88 -95 282 -291 235 -902 -799 -756
 972 -475 -371 -942 2 235 -678 -88 838 824
 398 66 626 795 24 27 940 -482 823 695
 -373 -91 953 761 263 535 -415 -810 828 -595
 -252 -338 -357 612 -654 -374 375 378 -73 987
 -490 891 -85 -939 -140 -794 619 -702 -577 923
 -22 -730 93 -982 143 -361 4 -24 -681 90
 -625 340 -272 184 -190 724 -551 150 169 55
 784 542 758 -33 111 825 -84 -697 394 240
 759 159 -332 -42 851 -75 64 440 908 -101
 231 -777 -281 570 197 543 393 513 -962 38
 -220 543 183 -953 588 665 983 352 24 31
 710 -176 236 -432 -584 743 77 226 -296 -382
 -614 -569 -431 -245 40 -251 -822 948 -174 -773
 -295 275 807 967 159 580 517 196 -112 -934
 532 182 -181 -152 -916 516 456 -743 714 -640
 935 882 496 -922 717 154 427 -624 -420 3
 490 781 -460 -74 -889 -132 502 -729 12 8
 242 -388 483 749 934 -277 400 -958 -189 353
 -816 183 -617 776 462 -769 422 461 -262 -846
 -722 -73 279 474 -363 848 101 -365 -543 -358
 834 -211 38 642 -312 -640 160 122 445 -655
 566 105 -111 187 419 236 -980 876 -509 -847
 305 -584 -966 196 603 -943 721 118 -468 857
 -123 690 695 -962 978 -324 647 271 133 897
 -573 296 -832 -975 -502 -937 -908 -541 637 -406
 -695 -856 -769 345 576 -97 -398 303 -691 -753
 627 -456 -138 -617 819 275 478 -979 204 -842
 -758 -53 632 577 553 410 -557 778 625 -177
 -704 63 956 -217 -121 325 -695 533 -637 -200
 410 185 -184 -452 905 -59 729 -166 523 -579
 -465 327 -456 -6 -701 -108 -979 -355 282 -141
 704 -816 492 -872 35 -5 811 370 799 836
 270 -629 393 102 569 -642 171 -580 -456 -500
 -50 57 -274 -497 496 593 176 970 -637 -315
 480 -106 -378 -210 101 656 -84 784 68 913
 745 387 -561 650 905 172 343 446 -639 -732
 -970 85 -618 899 201 -958 -774 127 744 -433
 943 -861 -377 317 132 -493 -137 -811 825 -52
 25 234 -287 -58 715 -488 952 6 503 133
 -861 194 118 209 722 785 -925 716 178 -624
 -783 -326 -804 619 851 334 -482 -541 252 -144
 775 -282 -600 -401 454 -480 676 -361 -748 866
 -897 -413 -941 90 470 302 -335 558 -767 931
 -19 -839 532 -120 903 392 -1 215 32 -835
 900 816 -507 763 -403 551 -959 -819 196 169
 -555 -410 182 963 -793 -678 -739 -535 751 -505
 -535 -491 -281 -865 -67 -988 -217 -57 -766 -355
 -403 -241 957 -749 -18 -244 794 -377 -784 951
 -686 835 -682 665 473 -522 -227 652 -818 174
 -904 880 -314 904 -129 -221 605 137 -742 -453
 279 511 -899 851 655 -634 -965 -193 642 759
 118 -665 363 394 -851 231 614 120 -87 458
 867 365 -477 433 148 986 -626 -814 -749 -652
 110 346 -878 196 751 -768 602 823 725 -755
 777 188 -655 446 -372 -943 -638 2 12 155
 886 375 -745 995 -214 -904 579 692 130 275
 515 -670 -812 -510 -271 203 -357 -267 -291 662
 485 837 314 689 670 12 473 844 521 559
 -448 -949 -730 -779 -775 -382 562 242 -876 -491
 -641 799 -652 -992 -875 -656 -24 748 -949 20
 396 -621 -977 -644 -514 106 -806 589 -142 -413
 470 -725 100 907 -609 287 389 454 241 472
 -247 -796 -398 -664 -577 763 -164 -70 862 247
 -862 936 250 -724 838 6 514 131 -321 -437
 177 139 -374 -831 786 -757 -322 50 658 -893
 569 -397 426 962 714 859 -851 356 595 56
 -706 102 602 -982 -845 113 495 -781 662 225
 -923 362 -151 26 -315 486 -491 988 -117 241
 674 -937 -210 -112 -991 170 306 820 -337 215
 385 969 512 -790 675 -804 508 -969 -869 -927
 -35 914 437 -404 730 152 917 690 -713 143
 -498 -223 240 -460 287 371 487 -722 87 -147
 -383 933 -100 -434 -682 -980 -92 800 -345 619
 -840 -778 793 140 562 -864 -945 445 874 -751
 -950 -312 -646 49 242 -708 154 963 971 -283
 -481 632 395 205 -23 -466 -19 -738 952 -363
 -544 497 356 187 213 -738 -74 -322 569 -496
 463 499 -370 454 358 844 297 16 -801 796
 127 772 -267 664 109 -112 -406 995 -454 652
 -572 -524 -501 -692 206 495 -376 -514 -34 320
 536 89 -484 -433 -152 -527 -30 -437 -32 -347
 -985 -209 -908 359 43 -151 387 -705 -991 510
 -254 970 -160 -221 105 286 334 324 -18 -996
 -560 200 950 851 -852 -771 -1 839 609 866
 331 811 45 -480 -225 -622 -134 -651 372 761
 -162 -142 653 979 -338 -810 -890 554 80 -574
 503 -929 -361 72 533 -186 -955 -948 -69 419
 -846 596 764 -950 -692 -8 777 -993 -62 -846
 367 434 -593 823 678 508 -748 395 -923 182
 492 -365 -827 -855 -41 731 -476 -754 605 -530
 970 -860 660 -930 -978 -974 -471 437 -531 -589
 -472 436 -238 700 -813 59 921 -415 -496 481
 88 -444 -24 361 -471 530 329 587 106 435
 153 -293 425 -223 -927 999 -60 -437 -852 -340
 -522 -611 -776 -374 -112 -245 354 575 -745 -344
 -940 574 952 794 -567 663 154 -482 -5 877
 763 913 -277 638 -487 -337 87 715 -912 -633
 742 975 -795 -414 -635 767 26 32 -982 681
 -975 15 236 -151 -788 -882 -94 40 -382 674
 -44 452 708 21 -508 360 -643 -377 716 -197
 -23 94 -962 846 -612 -368 -824 -50 -676 208
 -576 -524 347 -628 745 -911 -79 -91 -633 -9
 826 342 96 206 -113 906 564 -242 203 -532
 -706 -969 423 -282 35 598 -547 222 416 442
 -694 335 -899 -721 30 -931 753 262 -703 -778
 -505 -759 -269 -78 -734 646 187 604 538 585
 -933 -360 683 427 183 -59 308 781 -46 251
 597 -796 -205 -77 150 -372 433 -564 611 -973
 -574 920 113 945 -86 234 -796 -107 -632 -902
 370 598 -775 -785 -143 -368 530 -429 -286 378
 211 -752 115 -53 563 720 383 -284 610 293
 -445 -564 337 674 756 -82 786 298 612 541
 778 -961 728 -791 -64 685 749 -885 -529 791
 249 -835 -196 155 332 73 -322 284 538 740
 383 21 -644 -840 -775 -387 -117 -674 -254 198
 -132 -62 855 890 421 613 -846 -823 182 957
 522 -758 -733 -650 299 -233 715 165 -845 765
 -150 -883 265 58 -897 -91 -851 672 98 419
 97 -563 309 333 761 -645 753 234 -48 -771
 -488 -712 -67 -61 -597 11 -46 292 47 850
 523 988 124 915 -108 477 -365 -991 -453 597
 496 457 -952 -718 597 -484 -392 159 388 -428
 958 -769 -155 -158 683 -995 -567 -200 -636 924
 433 368 827 797 447 994 452 -446 -889 611
 -276 805 -465 -84 580 -283 710 -607 373 -376
 482 -726 -505 559 -39 -810 -732 289 276 -196
 246 -862 939 -994 -941 -580 -735 -137 -171 978
 576 -301 580 875 163 -291 -634 491 -841 625
 844 739 -880 498 -783 435 34 724 126 -39
 130 762 225 -176 -476 656 938 -35 -54 -746
 -545 720 -742 81 880 272 690 754 -803 -796
 559 -85 676 -125 -257 -452 121 -71 695 -543
 -3 -863 -234 204 480 857 -109 831 -730 -293
 357 117 672 519 54 -819 -662 623 702 -377
 206 -345 62 11 253 73 288 -409 111 -118
 -458 -777 352 -398 450 94 -687 393 634 300
 19 -193 506 -590 -54 -35 828 -751 179 660
 363 106 -351 -507 -220 -727 -92 -251 834 235
 -573 -586 274 -98 -610 169 -407 49 -285 357
 98 -986 -118 803 -671 -260 77 59 -452 -634
 8 60 326 782 -98 -219 286 888 269 -789
 -44 -125 218 628 -442 990 -743 243 312 475
 233 -263 374 967 640 -526 684 152 207 -774
 713 -562 867 -830 176 316 464 217 -883 -341
 -87 -292 801 558 185 -521 -272 378 -817 683
 -914 216 -249 938 444 -585 449 836 -638 480
 953 947 146 203 389 -637 -363 945 -824 698
 343 431 148 -405 -203 -449 -278 -664 873 -353
 342 159 455 548 -154 999 605 -422 550 -279
 -926 994 915 -305 199 793 -277 605 144 -658
 -221 187 923 -337 -636 -611 -487 126 -440 201
 399 -871 643 -419 -465 756 430 -842 124 -65
 130 -24 29 -383 954 -213 -239 -396 -899 318
 61 -953 358 630 -434 -575 -458 -938 658 424
 768 278 -538 415 -495 451 365 -223 541 -715
 368 581 -894 481 -989 -940 -865 527 -607 638
 347 947 -109 -40 903 -178 -487 -951 -681 824
 442 943 -461 47 -682 -857 294 943 268 -666
 768 -901 22 -348 -308 351 81 468 -223 713
 -949 -482 -61 749 -582 847 174 189 -673 -955
 491 -517 213 697 -28 547 547 -655 -538 -174
 352 802 -820 520 -907 -317 837 511 659 644
 756 914 363 -880 -53 -996 999 -305 -811 -854
 455 401 -413 868 -971 623 503 -907 -956 -903
 -165 890 -993 782 608 101 -666 -748 648 912
 -908 -41 -927 330 -75 287 309 -771 703 927
 952 -401 529 72 -138 -519 -692 177 693 -15
 885 873 -676 952 763 306 -632 -189 -180 549
 317 529 -995 -345 846 794 -781 342 125 754
 -476 541 -54 -206 64 702 -340 -17 -821 384
 9 588 -610 410 571 284 -136 -803 -248 682
 -273 -189 980 -209 -188 -240 -679 -12 -524 -568
 793 -851 950 616 203 -527 -671 116 -303 -289
 47 -505 -99 -316 -729 620 947 -248 692 927
 -467 301 -19 884 -707 -278 992 389 -705 576
 29 -330 874 -994 -952 -762 96 -638 693 -246
 -224 591 -888 -592 867 -959 131 896 986 -754
 -656 196 -746 -250 827 15 634 -846 -185 13
 -176 -142 -35 77 11 726 -843 495 687 34
 -939 312 860 10 64 27 172 -513 106 -975
 -127 110 840 133 -286 -905 -169 -861 -95 -409
 -390 -815 -832 196 -314 424 -990 954 -805 -653
 -619 -519 -129 -680 -219 -59 -479 911 -580 485
 650 407 387 -930 -439 -124 917 251 -911 157
 -54 345 -933 818 -156 -277 913 174 -241 141
 356 -892 698 -889 665 -516 179 -181 -187 406
 905 -299 969 -296 -395 -482 -51 -220 -875 119
 802 -983 -884 -676 585 -91 -859 -367 689 -463
 -690 192 -21 -392 -496 179 736 -13 345 885
 -158 -706 -738 213 -846 -813 904 -556 -979 -145
 583 -121 921 -293 -711 -112 709 672 -963 539
 -197 -368 -557 -391 327 -964 -218 926 693 412
 -266 -594 -209 -776 246 168 -952 312 822 -924
 -497 -669 -200 -305 -66 -599 283 423 906 114
 -505 470 -67 -456 -194 -85 -192 800 -576 658
 -750 -48 98 671 -18 988 -49 692 -975 -559
 196 449 265 227 -731 -418 -790 -257 -999 341
 -858 891 309 88 505 -382 -358 92 -678 392
 661 879 -346 -156 352 213 -762 -105 -406 765
 -865 -316 -973 273 242 -571 955 -249 657 779
 -63 76 735 882 -311 -529 -516 -622 491 -287
 -88 877 845 944 118 -630 -291 938 163 393
 298 781 37 -587 395 203 586 -172 -401 -949
 -851 165 240 657 -495 -29 534 -672 933 826
 194 -192 -450 974 452 -377 527 208 897 858
 -567 229 -474 -233 -366 -173 -670 996 84 753
 -157 175 -772 818 650 999 624 121 437 -998
 -548 360 -248 0 699 -596 295 671 -699 -349
 -192 932 -924 -490 644 163 789 -261 -410 3
 96 320 -976 19 -811 835 559 181 980 442
 973 38 958 -792 -320 151 399 -674 -906 -659
 608 249 629 2 832 424 -206 -951 907 5
 -766 383 907 730 -755 -673 -139 7 953 -50
 -47 127 -803 -174 -95 638 10 -851 184 -881
 -92 -134 -63 168 -934 -492 -628 -48 586 913
 -511 664 -520 321 515 972 -264 611 -608 -344
 -97 650 711 -414 497 392 63 -895 289 906
 -702 -403 917 685 877 -33 -18 -91 286 290
 -594 -332 573 -987 -151 671 -940 -743 -370 -904
 29 -772 -580 861 -725 -762 -964 744 952 -466
 437 358 -442 798 211 514 -444 -101 -673 695
 -688 507 111 -932 301 392 -627 882 -827 228
 -815 -658 559 -297 -963 -592 664 -66 16 -260
 -234 34 248 683 -721 763 -569 -944 -154 -248
 211 -408 -104 458 114 -498 994 -672 -537 997
 -366 -244 211 -592 731 968 -203 -295 -33 -249
 627 85 662 -808 673 434 -733 -815 125 -142
 -705 217 45 -650 -20 -781 -832 347 -567 384
 182 161 -641 142 -5 336 -32 -338 690 -592
 412 -18 -32 686 332 341 -252 52 122 975
 964 673 846 -828 184 -685 79 303 -288 -391
 -641 -256 -29 -752 -237 910 594 -983 -560 111
 223 -802 585 -426 -529 650 358 -278 -114 572
 -281 -945 176 316 -884 532 -932 -497 420 -340
 -256 -427 -949 845 784 -548 401 -410 -814 -674
 -363 610 -369 779 -863 -954 -737 -636 851 757
 -200 838 862 776 -541 585 -748 -167 726 522
 938 -757 -833 -919 890 -475 91 912 541 -638
 -360 202 -416 -71 -336 97 74 -213 -976 -799
 893 483 501 -851 -287 -852 -716 -87 939 217
 -938 -776 500 657 -995 -749 -638 -766 92 -342
 805 625 -619 787 409 -766 -197 -311 764 -379
 -445 -837 -765 410 -621 826 -289 749 27 -634
 -819 89 703 -951 108 299 -945 190 -870 680
 -282 -907 -900 -212 953 -714 989 520 258 334
 636 -55 -433 105 376 800 119 -209 871 -972
 -809 -147 296 -965 -556 -672 -304 215 154 633
 -253 971 -586 76 685 -308 29 885 -479 610
 757 267 478 -975 -676 -136 139 819 710 196
 487 -564 610 -724 358 329 -626 -447 474 -327
 344 -832 -698 42 -860 62 -251 -383 965 624
 -481 -842 970 -117 3 -85 993 125 876 -397
 -483 -342 -789 648 33 -622 -461 2 -686 -114
 659 -55 356 -205 414 -913 -768 393 975 60
 -675 527 -184 -575 -346 -534 -149 -248 653 423
 -523 -458 -14 380 -598 988 324 -678 548 -660
 386 -916 101 -828 44 -66 594 -734 -104 -646
 -809 -472 -288 893 -220 722 -61 675 -842 32
 -848 62 -283 -571 -488 378 -864 -427 -95 -312
 -586 -329 871 143 -348 -148 383 418 315 215
 68 -95 -640 174 717 229 529 -30 44 629
 417 -881 25 -592 -878 96 217 -876 -942 381
 -110 119 -520 724 -217 -130 -554 996 690 718
 -630 -32 -155 27 947 -622 407 451 852 -296
 913 253 -951 596 -67 245 -249 -791 527 327
 -121 971 944 27 -158 -159 -784 524 540 -453
 616 148 869 601 -377 -485 774 -696 -384 115
 -711 501 656 -504 182 52 -909 989 984 825
 -406 -139 -333 -234 -359 -111 -301 -379 -786 961
 -645 954 -709 -990 -754 590 -687 398 154 -583
 -913 403 -656 984 -320 -236 660 -487 -381 -525
 303 266 517 701 631 -23 891 381 -431 -506
 -237 -508 801 -966 -173 666 -538 451 -14 518
 -669 -892 -531 701 -239 -258 -525 624 681 222
 -455 949 -277 -752 -873 769 -521 -315 -485 -754
 933 68 -847 -982 717 461 813 684 -199 748
 -200 -43 687 -500 965 -540 685 -163 340 747
 939 -920 -332 -703 225 746 -878 -909 624 974
 666 -792 947 0 -817 682 -914 708 -820 -736
 -918 -776 856 604 320 856 -314 113 -425 -54
 442 -248 -512 -229 -525 246 464 920 -993 851
 -942 720 -588 -373 516 -798 816 655 -403 -674
 620 801 223 98 -12 -195 -319 -906 864 -57
 348 358 679 355 -343 419 -422 512 -373 -28
 -59 -91 263 -904 -418 -291 293 -445 534 -655
 -345 -992 -906 -24 -104 -445 756 283 286 563
 501 865 749 -593 -105 -561 567 -416 142 -556
 -133 147 245 714 653 -584 486 -352 -180 629
 -104 -249 -765 -254 894 -763 90 256 -190 217
 -558 55 -356 996 -236 -178 447 125 188 -956
 808 666 -992 89 -246 744 -435 -489 987 696
 -42 745 842 332 -408 -890 -913 94 -672 -741
 170 27 -266 -855 -676 -917 -656 -406 209 991
 -937 585 418 -853 625 -729 -967 -285 478 -862
 639 -471 -252 -83 -390 138 125 -468 -572 263
 -980 448 -55 -490 -111 631 -305 -277 757 -889
 -217 423 -126 429 856 128 829 -794 -624 -419
 151 567 980 -197 687 -663 -832 -324 -59 237
 794 86 326 970 403 -867 776 -603 817 -718
 594 801 504 -600 -628 -335 -5 -511 -170 -976
 379 892 -82 -354 -975 670 -760 -542 429 -739
 -492 99 -811 542 -625 -63 -104 -826 546 -887
 -124 836 -25 712 435 358 92 -263 -819 91
 -409 682 799 -777 822 -563 125 -945 403 -869
 179 -984 571 -1 949 26 -469 -281 -845 -282
 -80 237 -822 -414 -657 -286 -844 -29 636 -255
 529 -140 -607 -250 -308 817 -383 -125 757 -274
 62 -750 790 951 -550 -746 -461 348 343 731
 774 -908 115 -684 580 656 456 -491 973 -490
 -605 -776 64 -293 -598 -158 842 84 -800 -319
 519 -345 -148 -893 -277 27 957 400 -460 381
 -107 -644 -269 -137 -723 -321 635 -273 -389 624
 -285 481 38 929 -286 -391 -31 184 766 884
 178 15 -653 92 -59 37 -834 -129 835 -802
 -123 -443 -66 -336 82 -810 905 313 -550 326
 -366 -11 -68 -581 -838 -379 179 954 331 -385
 -503 -677 -700 40 297 844 -614 -578 38 -864
 -248 -162 162 12 401 -306 -168 -744 -217 207
 -966 -602 -543 -212 910 665 719 -289 -365 -660
 257 235 -207 94 -189 -998 338 -7 208 251
 773 -931 -700 953 -436 441 118 -824 -286 917
 833 -430 522 -265 546 -180 665 19 -838 833
 594 987 -730 540 363 -648 -471 -709 -13 -174
 -681 700 969 371 -785 746 372 -615 871 586
 763 407 -878 -950 173 -453 117 712 726 -130
 -137 625 340 -813 560 -145 997 -944 336 594
 454 42 -193 635 -696 771 944 -494 783 447
 905 97 -42 -584 -576 943 -203 27 -943 -510
 138 850 -874 375 414 212 -496 -452 650 976
 -97 174 506 -590 -780 -899 402 -195 430 307
 -665 -994 -138 -939 224 222 -556 -92 -888 -135
 -782 -348 -110 -169 610 164 -869 -245 360 -615
 -644 339 -820 159 29 893 70 -27 -810 -753
 187 -122 113 -935 268 -344 354 -649 593 682
 525 -478 -227 -904 488 277 -745 937 -509 -647
 -75 -40 744 179 43 252 -400 445 -596 -399
 -249 682 441 -262 -531 -305 -813 -678 305 -436
 430 795 -351 -698 -788 -669 -831 -107 -641 -353
 -731 -823 -472 -872 -904 555 -271 239 567 728
 -845 -913 473 720 -869 271 520 169 999 -103
 760 217 -563 643 -863 931 559 695 681 624
 496 -751 -287 816 -966 -76 -148 550 750 695
 186 -256 -992 789 -314 -573 -882 652 -492 -825
 621 46 -78 -663 -195 -587 412 765 -274 787
 507 225 35 351 -375 58 -807 -573 -811 -511
 196 -582 -382 986 -821 -886 -764 -541 -591 492
 581 818 286 46 -497 327 -914 292 -762 576
 22 -397 -359 257 619 -1 146 -243 506 760
 791 502 863 -148 792 -277 -8 860 -732 500
 -65 -946 -559 266 762 -563 -836 50 893 -228
 849 770 428 747 240 -260 -962 26 -890 -251
 795 231 -135 -251 830 236 -97 281 300 -340
 -911 -311 -876 -827 -304 889 922 936 82 -825
 633 700 -743 -830 -757 -125 762 -500 -214 702
 -532 935 -371 617 -444 -375 -36 460 339 -807
 -505 -814 734 -458 -456 -661 862 -525 -613 -260
 946 -606 203 359 371 -557 514 248 -40 605
 -492 -50 160 -364 -536 667 -688 -878 -588 847
 538 835 -148 -491 111 -753 692 474 10 655
 96 -992 395 642 428 901 -769 246 826 393
 -247 716 551 480 -827 -846 508 816 528 -100
 892 514 -647 -212 -169 744 -67 -201 206 725
 -670 52 -907 376 577 662 -154 834 -790 -702
 -350 14 -428 166 -588 -558 473 -929 -928 -530
 -671 217 974 225 -536 -738 -440 -164 -436 5
 219 -542 922 -436 -615 -123 -56 -562 349 752
 -411 518 -578 862 -422 -551 292 416 721 -44
 -786 289 135 -650 446 753 752 317 -648 124
 315 125 -995 827 439 -710 868 -412 537 759
 327 -748 -11 459 681 300 664 944 323 994
 916 225 -901 550 -682 -396 -270 -694 -207 999
 -810 -575 662 -201 550 286 -990 315 -809 -17
 -161 -555 -472 933 -846 306 69 949 807 -372
 -437 -369 395 -288 638 -428 760 739 251 -474
 -503 416 805 -479 944 551 -231 -352 531 -777
 -685 797 919 -234 975 54 -270 660 -374 614
 360 714 993 -858 -815 880 -935 -927 -922 -107
 282 277 -533 662 -749 -548 -119 71 144 -409
 24 -425 308 160 367 -628 273 87 -863 -461
 -585 -857 -25 -772 -259 422 -347 398 496 -403
 -387 874 -896 -784 75 -321 -673 -910 -726 -67
 12 798 417 357 989 248 -931 -632 -487 512
 270 808 -671 -789 -966 -785 211 377 933 -5
 19 -266 -772 86 57 861 -400 -743 -492 -85
 870 -127 279 -822 974 397 709 847 640 -898
 502 461 -423 -680 498 323 -350 964 165 -871
 -792 -399 35 901 -490 169 -156 956 -555 955
 -769 241 -850 300 349 -931 869 -55 -293 576
 645 -706 -380 286 629 -580 240 382 236 574
 -489 20 640 564 267 -300 349 -425 -342 -751
 132 613 471 -9 887 -569 197 -751 -387 662
 -812 878 944 126 525 344 119 792 752 -235
 -849 -404 -570 -384 -696 864 969 -798 -773 995
 55 -81 -690 -944 -697 347 808 -277 -921 -715
 -163 61 458 810 562 16 233 -570 647 618
 772 30 697 959 466 -652 392 330 -280 95
 -937 931 512 372 962 953 -94 461 367 -989
 391 -389 515 639 145 -524 -394 760 -527 770
 -848 -938 0 -434 263 -947 88 221 -562 -226
 193 -534 366 553 -209 448 197 -818 640 -827
 529 -983 460 -549 524 -42 624 372 128 828
 682 -398 126 920 -192 801 -817 501 -955 893
 665 -142 -965 440 -50 -804 7 -791 -754 891
 754 -281 -219 55 -680 -320 -918 993 -839 -526
 912 -718 -774 -404 -463 840 104 998 -480 -691
 -913 -757 -931 -908 -226 192 -647 -352 -580 -283
 -541 -209 813 -265 550 251 -68 -37 -689 141
 -18 720 -959 636 -959 -358 906 -333 544 -972
 853 151 818 367 332 -247 907 -923 -369 -277
 784 692 97 649 -82 -669 -435 400 615 48
 673 -789 -578 -688 757 788 129 285 879 -336
 104 160 277 -919 -588 587 -305 -815 -180 -78
 569 259 996 71 -810 870 134 -202 715 674
 184 -742 -247 -138 345 60 606 -481 -148 -359
 -777 157 647 139 830 38 538 -128 -130 -636
 -356 738 686 -879 663 -986 -544 58 -15 472
 975 -512 379 -652 258 -45 -278 607 -139 -12
 493 695 -391 244 217 -891 282 341 -775 -233
 773 -752 -384 798 -773 -805 -680 681 740 447
 957 734 480 708 -915 514 232 -19 -513 636
 -690 -405 837 -347 483 516 -255 -746 702 -453
 -222 -99 -635 863 722 553 -263 392 -575 -892
 -777 123 -141 359 -337 -416 -538 170 -372 280
 -752 -985 901 764 -979 291 -237 118 696 -842
 106 -977 -920 689 -627 433 838 146 -291 -349
 -419 -104 -577 154 812 737 905 815 462 952
 735 180 791 -915 -328 945 -321 905 921 -741
 -927 -552 807 374 504 987 864 817 18 470
 580 930 101 734 551 674 479 -265 885 915
 -466 715 -249 67 793 152 598 -174 19 930
 554 780 192 364 -934 -551 -861 -347 -187 -496
 -795 894 -344 -782 226 884 157 801 53 396
 229 635 617 968 427 534 464 -782 -608 472
 -686 669 378 -274 690 191 -911 -96 -142 410
 885 -601 -557 400 -595 521 121 44 -658 718
 -387 -186 -923 534 -556 8 -795 801 -453 459
 61 -160 622 861 20 -231 525 825 948 -797
 387 -223 -485 43 -825 -418 -977 -123 -336 778
 -99 24 207 690 -487 -587 -192 -217 -704 -489
 -112 103 560 -527 -146 -180 656 2 -598 -223
 -902 265 -976 703 -525 -826 83 -922 -777 559
 872 -773 749 -698 985 -228 -75 -118 863 -538
 172 -68 -914 768 361 729 -78 -59 589 -205
 344 -185 286 606 -227 -638 798 812 33 -861
 -552 -349 692 -36 -857 -585 414 205 211 788
 688 -994 505 -31 838 -446 877 -365 -979 -805
 811 -142 481 891 -5 411 356 360 718 -470
 206 844 -561 -739 -220 2 672 214 713 -822
 -566 9 -142 455 -770 -272 -188 -479 -959 378
 -947 -365 -132 -820 689 215 -781 26 -151 312
 730 181 -895 104 101 520 934 -426 840 609
 -581 706 169 -775 -481 642 45 377 -871 991
 864 -963 496 -329 -570 164 -51 610 115 469
 -960 698 -904 -182 -669 436 -149 803 664 -654
 -948 501 171 -363 -708 358 98 -380 -654 -714
 -695 -883 -45 279 322 -202 -498 -151 -224 -270
 -75 570 -791 -642 769 126 -759 -592 -593 -709
 -379 -8 699 -366 359 -4 -375 358 165 -910
 -921 25 533 -125 -995 -985 431 85 783 -526
 -566 -379 -165 -606 998 212 -524 -575 -277 194
 -137 189 -264 623 -566 -830 -524 -498 -66 -19
 432 761 -902 444 751 427 647 746 -351 681
 311 909 -925 809 546 -181 -808 -26 413 233
 -233 -412 965 729 728 -431 -755 904 763 -946
 855 222 105 -435 -406 -620 435 409 -180 432
 -275 -686 -540 -910 601 -999 -510 -255 633 220
 337 -298 -315 422 56 -403 813 378 109 50
 -431 379 617 -896 532 82 668 299 161 -930
 188 840 -660 -642 726 -496 18 -841 829 97
 -825 889 -878 831 -464 359 771 71 702 -959
 -170 -766 986 -749 -684 -330 -10 -318 756 -698
 -959 55 579 193 881 194 514 -864 -920 -567
 240 42 299 -784 550 37 699 -539 266 458
 893 -22 -589 147 999 -946 992 -8 -321 -611
 634 -96 -495 269 903 92 98 858 -433 -47
 -355 444 130 -230 -288 10 -824 -63 -128 261
 424 84 -50 -813 -236 254 557 783 419 -836
 -704 228 553 257 517 231 -197 -406 -769 -396
 964 -658 889 -787 -363 847 -36 -268 -191 995
 -146 -738 -924 520 -206 -36 492 -706 -505 -517
 -900 89 -888 881 -36 -860 -423 73 -918 778
 663 -526 -736 -248 171 370 196 -838 965 849
 -750 -120 -373 -561 -867 -426 -729 -821 751 776
 614 -977 51 -872 675 32 -635 -463 286 -32
 407 -463 -723 -405 221 618 -696 -191 -376 -887
 768 264 984 -464 -155 950 -112 -784 157 920
 -746 493 -397 883 -194 -769 894 -416 -765 -939
 -435 -294 615 -2 521 -548 -147 -777 -932 -182
 384 -579 -79 98 841 -538 910 -785 498 520
 -496 931 967 434 -99 163 58 806 388 -904
 747 -823 -701 -98 -732 102 348 612 -269 -519
 344 -485 -247 966 -103 912 554 -562 -238 -738
 500 -61 155 174 418 792 265 0 368 857
 -84 912 629 762 262 0 225 -757 413 -566
 548 -492 551 845 441 -696 -474 -729 -589 -557
 223 519 513 946 -552 832 899 823 -443 -422
 676 -943 -482 -183 297 -317 -238 -940 -703 193
 -265 -75 905 -731 -362 -199 -32 -637 -295 -611
 -610 874 -915 107 317 -741 430 308 749 -801
 -399 -739 -779 -761 -193 243 724 -701 855 181
 -195 -388 -960 101 172 928 -340 -449 -277 744
 333 272 23 192 24 -892 -6 -382 -490 442
 -924 792 326 -540 969 -876 -891 -585 -428 308
 273 79 587 -894 -19 -805 -807 -716 -363 -257
 253 -355 -624 -206 751 -373 901 -564 352 -214
 802 -920 538 325 -234 -588 -378 598 -543 207
 488 -665 923 296 -357 598 -75 93 -847 980
 258 422 -807 498 936 -168 568 472 31 -522
 933 555 921 502 844 -64 131 -33 390 -568
 245 -499 -618 342 -177 -796 -731 -256 -838 473
 3 864 -817 459 120 765 50 -945 -841 -562
 -91 -410 793 522 -949 -574 116 -389 -690 -764
 -779 -11 928 613 -286 -859 869 -430 64 85
 555 876 742 -801 170 341 560 -286 675 -574
 -670 650 -80 -616 -282 -259 88 -210 -480 -895
 -282 -275 785 -342 -30 864 68 -179 578 -146
 -998 187 -964 -578 352 -688 -487 596 -448 853
 -303 -729 -558 86 -803 88 -562 859 -575 321
 -577 452 742 340 -725 851 679 444 153 -188
 -513 50 -644 -5 -328 308 -276 298 825 581
 -780 717 926 -218 -236 -79 975 -243 -15 765
 -973 -171 -764 -109 -561 -325 -393 225 154 332
 12 36 -470 -941 -870 -661 -323 -691 83 749
 255 53 -722 862 -113 154 902 963 243 -727
 905 585 921 -869 -427 -926 -171 -493 -566 239
 772 -59 -402 402 746 -253 628 212 -809 635
 565 -188 481 25 -689 -129 244 806 -629 -563
 -694 -866 906 41 143 614 -695 715 823 -774
 -82 -404 -945 -92 416 -546 492 -545 -685 495
 -369 -635 -572 910 -925 -875 64 -649 588 590
 20 -583 -644 663 -221 308 -641 -816 -710 519
 296 697 -259 -408 -337 -696 232 -423 659 707
 169 229 205 932 -734 454 -647 376 581 717
 6 797 -392 -824 -235 -769 -309 -842 -546 100
 -924 819 -990 -249 741 193 -244 -12 -770 149
 -760 -714 901 -656 -599 857 -987 701 -830 64
 -145 841 941 721 448 -380 12 601 677 599
 163 -938 120 581 -523 694 -940 -39 633 -93
 633 -394 -21 156 305 -855 632 -552 -923 -671
 -305 85 -827 -811 766 876 758 290 -324 -199
 -63 882 579 -582 646 -596 -472 230 -432 480
 519 -207 -775 589 -845 756 -450 -820 -114 663
 637 640 -578 380 202 679 130 -568 -903 -645
 -698 -178 182 -718 722 -692 -428 303 -472 -895
 -566 790 -647 -400 553 -846 -67 141 107 -765
 -786 -746 -4 -421 156 856 -737 -742 688 -657
 711 -28 323 560 855 450 321 -262 151 -288
 730 464 206 -689 -4 933 -787 -366 444 543
 175 122 806 -380 -639 67 243 328 -950 246
 -272 -782 404 -422 706 665 913 927 464 504
 -23 -522 568 281 -271 -86 -544 973 -216 920
 491 672 -99 30 -566 -615 62 309 559 -427
 -224 -360 325 101 -682 -622 169 45 46 -155
 -483 623 -666 -270 -637 -996 148 -500 447 198
 751 966 -725 -365 -701 -964 -508 -611 983 -504
 85 -585 -834 -758 483 -173 -718 71 529 -563
 669 -639 -794 -20 -726 365 753 -954 769 775
 613 -556 509 356 449 -204 759 592 -398 -304
 -297 -551 -448 722 891 -906 270 666 467 -303
 143 -812 -498 655 966 -754 -888 699 131 -350
 416 -97 -261 -801 -995 661 -148 705 -596 824
 -338 22 -652 621 576 327 -291 -167 756 539
 -617 -210 252 -307 -362 -64 -840 316 -638 -459
 -581 534 -577 -361 -679 -397 91 515 991 739
 222 -764 66 869 955 -683 957 755 -465 767
 -921 942 442 85 -507 -258 40 864 -924 735
 14 254 213 598 72 981 -651 371 -40 -30
 343 747 581 -1 998 396 685 -394 167 927
 -200 580 512 -545 401 517 177 952 831 -305
 929 56 -603 51 290 -430 161 -51 -397 867
 712 493 914 -452 -637 -548 -79 762 -182 625
 640 592 668 200 -305 445 -82 -697 -67 205
 -348 492 -139 -951 959 -10 -470 -779 -214 374
 -856 895 -1 184 170 -782 962 -968 438 564
 405 142 -299 -885 -185 790 -674 -499 -792 425
 571 774 -344 -9 -60 -649 -723 117 -869 -279
 987 -460 -44 -955 165 559 188 -552 -709 340
 -134 -378 759 910 422 -100 432 542 -109 -136
 -40 934 357 -451 724 -479 944 177 475 -460
 826 -718 971 -672 168 775 -107 -230 -499 754
 -578 434 878 972 743 747 -802 752 88 238
 -839 778 -935 79 522 -539 -94 649 12 -824
 158 353 -332 161 807 -145 -380 -450 986 -621
 823 -730 -490 -606 643 91 560 885 -263 -49
 -994 -666 -955 -72 458 -258 833 270 897 755
 342 -353 697 -286 25 583 -486 265 291 838
 806 -413 540 -830 873 -106 -743 888 322 760
 -498 956 -219 -124 377 998 59 -347 -58 -646
 -227 -544 140 -319 -843 981 -765 -323 -377 -57
 -126 976 -599 6 789 240 -870 495 -261 849
 475 -346 839 842 -686 -277 -292 -671 479 -689
 -530 126 -661 178 -325 -980 936 931 -912 -679
 43 865 -228 -910 -57 102 -543 -900 -591 -78
 469 757 -623 -518 -936 373 445 617 940 262
 668 495 704 -812 -516 -195 -641 625 -222 617
 -443 656 -877 -751 -40 738 -56 -463 98 407
 -779 352 -109 -246 933 359 375 -936 319 466
 -739 -422 -86 401 335 828 -741 595 528 -534
 543 433 -65 -349 14 -449 -306 -77 -748 -609
 454 789 -841 990 237 -152 531 251 -489 904
 -761 631 -790 278 979 -789 -495 -695 13 -518
 664 -623 786 -518 -384 -116 -259 821 371 645
 -376 -975 -65 -222 -672 848 -197 -946 -461 -678
 954 281 -622 282 -959 -201 612 -617 -462 133
 257 -12 -259 549 -386 -578 528 -233 487 -432
 317 560 -63 -863 -298 873 -219 396 674 -178
 19 369 -705 -374 499 45 -851 367 253 -851
 -568 -775 -413 -904 -125 -739 473 189 -80 536
 736 105 -434 113 193 -865 664 -382 519 -92
 998 606 -62 39 439 983 237 -858 425 -925
 -320 -982 363 -246 -457 377 -674 -991 -500 -77
 -426 258 916 -228 295 -602 -53 198 620 -833
 624 256 284 731 34 -823 44 440 -614 -970
 -882 -979 577 483 -818 -711 396 432 417 77
 385 -607 -195 -604 -243 932 391 -268 -555 -647
 -98 -65 -92 198 180 -124 951 -738 653 -732
 -961 977 -814 524 968 888 487 -555 717 529
 476 406 -488 355 -966 887 -851 -592 -114 -347
 485 258 -623 -479 -654 652 397 -978 -758 -811
 993 -6 -550 -289 297 -442 -786 993 -587 231
 237 102 894 -847 30 61 -573 854 62 -820
 520 919 -438 -441 13 778 995 -789 -345 719
 -991 486 -539 -808 743 546 266 -336 366 974
 410 -295 -227 -749 421 697 -999 745 -740 -541
 -580 116 959 -276 -498 961 962 962 76 -727
 734 -823 -949 -686 986 -598 636 -957 -953 471
 248 -360 -748 -36 515 -111 733 -145 171 62
 120 -306 86 -535 15 -517 689 -409 614 -629
 892 -738 557 602 931 33 -531 -362 710 -218
 654 -817 157 428 -975 -495 -474 -262 786 661
 62 -489 -649 950 9 -72 207 829 199 -794
 758 914 907 626 975 427 -306 69 475 527
 495 -845 114 -918 160 984 -644 -348 -974 -27
 -677 -843 -900 794 -390 -124 -915 -768 549 837
 227 545 -714 546 -114 -159 -20 949 -851 -953
 540 -474 -531 224 512 -190 -985 12 -384 558
 753 796 368 -180 832 -538 875 734 -62 127
 -152 582 526 634 188 -380 -462 403 59 -743
 -203 793 -914 -729 -596 214 -924 -904 -181 417
 852 -794 -825 -213 88 779 -853 -735 -339 614
 -75 744 187 -424 752 -523 -4 744 -128 834
 -943 -343 481 -585 499 90 -408 -978 -823 237
 6 524 -140 188 -512 -806 791 169 -946 -982
 580 -994 -515 315 575 -231 -313 930 203 -285
 -725 -102 97 110 -837 3 55 709 482 -434
 -104 617 918 504 -815 -640 -810 291 64 913
 252 -265 783 -131 -567 -552 167 -885 -767 265
 757 -417 783 948 878 -634 -641 281 -6 251
 825 146 -757 -807 -979 -487 -527 -244 507 164
 854 -767 429 -582 -830 351 885 -223 -959 -781
 -370 -615 -992 228 -185 798 810 -959 62 606
 226 314 104 -268 934 -644 -886 202 -522 457
 829 -295 -968 -292 745 778 742 -360 -311 -40
 986 -739 244 -820 755 715 84 -716 -204 -459
 -181 -33 62 -324 528 -899 48 151 -91 562
 916 -630 627 -739 -604 -213 702 -917 -177 536
 -796 -672 719 -281 -440 34 -14 581 467 -383
 -903 -290 -918 336 51 376 607 -728 -629 628
 883 -707 -393 15 320 205 24 923 136 -556
 -735 -114 736 155 -115 -570 -29 101 -430 -239
 -291 114 -314 824 -926 -817 137 852 -770 -144
 186 -158 -223 432 689 -825 -159 -280 -1 -995
 793 -394 -756 -637 -108 -177 265 881 -575 168
 128 -982 -286 39 677 -614 -722 -685 -60 367
 -849 -862 349 -286 313 731 -947 -407 -147 10
 468 710 755 734 -317 -178 -991 -131 142 215
 990 868 -399 -841 335 541 -319 -104 -54 -965
 -741 -553 286 -439 996 171 -309 709 901 493
 -250 306 -496 800 -772 622 -605 594 -418 507
 -847 -73 428 254 32 173 -706 -637 -335 -702
 453 844 -438 -204 -714 -541 -165 362 -119 -483
 -667 -506 439 80 536 827 540 481 938 -592
 978 543 214 -185 270 577 429 525 -532 -728
 91 181 81 665 72 -836 -122 -243 -145 653
 326 938 406 256 -438 -173 708 776 143 157
 196 818 -274 237 34 466 -264 -847 689 -922
 472 -724 -220 -854 448 265 544 130 956 -811
 -597 -149 457 -610 -501 58 269 -150 87 641
 608 907 -418 -572 -919 -771 -618 470 -398 -503
 -759 -482 217 190 832 -423 298 396 -381 885
 928 375 533 -22 -36 704 -690 218 -338 -521
 451 65 848 628 -389 231 600 -173 -830 -712
 119 545 265 365 558 -928 -79 944 280 875
 905 449 -284 885 -983 -502 520 -653 -930 -762
 353 281 506 696 897 -158 552 272 -211 -632
 -331 -834 738 292 830 -248 84 2 214 723
 -187 937 -670 669 -813 174 -22 874 -721 -16
 114 93 474 851 316 -164 -519 62 -439 203
 446 563 -356 -781 -826 507 967 -149 -319 -344
 -977 393 -209 17 -78 -562 722 -926 -963 -203
 941 -869 311 942 98 -409 -777 358 -692 -923
 -30 -491 -464 796 786 922 -527 -766 -401 -332
 965 593 153 -130 661 611 244 -172 -778 -914
 -43 818 -663 -68 -720 419 -400 -857 -73 436
 -219 -339 789 -286 -893 -739 -284 -951 -759 290
 179 602 -500 -461 -16 -494 -4 205 -387 173
 -472 310 212 -717 198 -263 741 -877 -700 -826
 839 -614 993 -345 -8 744 366 -612 759 -57
 -12 985 -89 98 363 -545 175 89 -727 -655
 -989 419 783 -917 634 -246 29 524 522 128
 -183 -57 513 -179 239 667 436 567 37 -11
 822 388 -868 -815 104 -785 146 -23 526 -18
 -477 -436 -394 557 77 -451 -666 448 -407 123
 -588 905 148 -401 781 -854 -928 585 -50 -453
 358 545 84 818 -355 -183 168 268 -612 902
 980 414 469 243 667 -243 11 880 -221 371
 421 -654 -481 -244 -843 -335 -733 769 -186 283
 -754 -690 298 -436 -345 457 404 443 -304 757
 -290 698 760 -947 -612 -605 -432 450 -79 -296
 -850 -604 -45 854 -159 -191 -346 691 -346 966
 264 481 787 308 339 -641 0 180 627 824
 -834 225 326 -789 878 -865 679 -767 -569 -102
 -131 -762 768 184 -812 -57 -445 -980 -818 682
 202 20 207 534 -859 961 128 55 81 867
 -562 -644 -409 -957 -894 173 409 -15 648 -963
 -88 -245 219 942 -764 -165 -196 -679 -490 175
 -776 -547 882 -570 902 -3 -163 595 -824 -767
 -213 620 297 -153 88 -806 290 696 -214 498
 724 -149 771 -276 495 -697 -273 -116 -173 -885
 -478 887 -862 -590 159 -864 -836 -944 80 502
 588 -505 -853 408 -995 -826 740 -509 -791 915
 369 440 -895 -210 -911 333 523 -174 341 -915
 -814 869 -492 -46 654 846 -145 294 -289 -686
 40 800 124 -744 -98 -444 -731 -20 516 790
 -434 419 -771 362 249 -406 906 -276 855 -170
 461 198 -204 -807 -80 -140 -196 -565 720 -713
 -398 -560 -12 86 -82 736 -66 690 701 -27
 -648 -437 150 -174 361 -744 -616 994 -59 84
 777 -342 41 853 -598 891 -685 -942 -651 -911
 -785 -288 -980 -129 731 920 -381 831 -377 793
 -313 -938 851 -112 479 -89 -94 -239 -356 -2
 873 -4 -911 -461 312 -965 163 192 427 473
 -435 741 724 -395 -734 -677 -391 -90 -822 -973
 -511 933 84 219 805 677 20 -230 -286 524
 -282 -833 -295 87 534 -568 -916 28 -284 736
 -765 218 -894 357 -436 224 -448 -502 66 -298
 -297 -166 976 -251 520 -596 673 -329 -681 661
 561 981 -230 -225 537 -187 159 -815 657 691
 33 444 326 875 60 135 186 -738 -143 730
 81 560 -179 789 -323 -466 -467 -795 94 -135
 -698 867 933 -134 733 431 9 -973 -263 452
 -955 -466 213 -209 748 995 -672 869 329 415
 -361 -15 164 -426 456 883 -327 -984 777 845
 382 -989 -807 -659 -538 -511 -552 -756 506 840
 205 -84 833 -927 -742 -468 511 389 460 811
 298 -965 -879 863 932 232 -306 -298 -24 -288
 -964 965 -184 -239 517 413 916 -624 661 88
 519 -20 -847 -720 -895 -526 940 622 945 477
 -185 20 898 43 4 379 -33 -719 -79 -147
 -262 791 210 -733 -441 -476 390 -129 564 708
 676 -880 641 783 976 -726 -564 -306 -274 -566
 -518 -57 -812 362 -925 448 759 965 -266 -918
 -533 187 -962 -138 -243 6 -256 -605 -633 95
 599 672 913 -522 432 -366 -58 867 -808 -443
 415 187 521 -565 -31 377 698 44 -236 -314
 -762 822 -253 577 -334 -682 610 -279 -611 -348
 806 137 -644 105 -78 151 768 -691 -956 -377
 -982 460 -280 519 131 77 629 -16 -646 279
 -267 -546 798 -695 553 707 337 -10 470 -420
 -737 -598 -845 -790 880 -150 938 -885 630 -936
 -775 559 -299 -115 685 -517 -651 -611 804 -232
 -451 -608 856 950 488 -626 -23 -716 -88 -421
 946 520 667 -989 373 -371 -640 -32 -815 -163
 -466 120 155 -712 -259 885 698 -452 527 936
 -6 482 -65 -731 527 -77 -735 -512 838 -314
 528 923 770 545 -207 26 366 659 -521 -256
 -640 -875 -473 957 591 876 -223 168 -948 249
 -660 -535 -706 762 -340 236 -387 -36 267 933
 -524 -545 -672 -619 -204 -496 579 40 -228 -552
 494 114 500 -719 -23 883 -766 -583 -623 876
 943 106 -437 628 880 -161 -773 194 -681 -777
 -908 610 953 -414 -914 664 214 -199 286 688
 -476 524 -275 18 -19 23 -428 -394 -53 -405
 600 -275 -439 -515 -847 -387 880 -816 850 339
 757 -658 300 -538 285 101 -418 141 -658 -664
 705 788 504 -915 -933 831 298 841 -469 872
 -324 -449 869 729 346 954 -262 -701 499 860
 458 -989 594 164 987 -740 -434 829 661 395
 -817 991 165 417 -891 -292 908 -62 641 718
 393 479 882 451 530 264 -485 930 -87 -255
 -677 388 -667 -151 -596 -264 352 174 55 273
 740 -333 944 -499 662 -734 -319 -360 995 -845
 185 408 449 -599 -810 55 -793 353 -28 462
 -55 271 -765 -472 37 66 881 -835 128 -799
 523 -905 731 -234 -337 -986 -404 -150 -355 721
 356 735 -423 943 443 -128 -265 -424 315 672
 176 -417 280 -190 849 -584 -291 -258 277 545
 150 -186 -741 629 474 158 788 -120 814 -481
 -411 -181 589 154 -980 -874 948 525 -45 -746
 550 474 495 -609 254 906 295 646 -21 530
 -468 250 -780 -549 63 21 -51 742 35 -487
 -431 -770 -385 38 -209 108 -590 820 563 -747
 447 -864 -469 -124 -368 400 950 934 -351 -378
 -594 952 140 -792 -973 380 -884 221 847 638
 -549 -472 -438 -12 -660 292 -234 -703 409 97
 68 343 -674 -489 237 -216 198 -674 772 96
 498 199 -526 750 -928 624 224 558 463 422
 -212 -242 -144 172 682 -23 326 952 893 -711
 -840 867 775 914 -213 -739 142 -25 -856 -53
 226 637 733 829 -973 -329 67 -877 -861 -520
 98 -725 316 93 330 -891 485 -925 435 982
 48 -776 783 -749 -328 129 620 -847 862 -203
 540 243 -431 -798 620 205 185 -103 -795 -473
 -937 -888 745 -414 902 426 -494 -151 711 337
 -524 368 -184 327 666 -7 -78 -456 -301 901
 -276 -534 798 -388 -410 477 -492 826 -1 -383
 822 511 605 250 -143 840 945 -455 356 107
 -13 -349 770 556 139 -602 961 -309 -418 762
 -375 -674 979 418 -981 -703 -33 762 -522 -567
 872 -897 458 162 480 -696 -814 327 -447 319
 973 228 -529 -271 372 -418 -544 101 -268 -73
 455 -998 -267 -595 -191 880 -927 744 129 -29
 554 -994 924 981 -871 -796 367 -488 432 361
 -809 409 144 -811 -356 116 -935 -277 347 -322
 -625 562 447 734 872 788 750 -838 307 -752
 821 -723 -936 -98 -801 751 968 -228 830 -276
 25 -501 820 -520 -577 168 734 -817 -71 -504
 319 -551 -587 11 1 404 -949 -278 -811 -70
 838 734 -674 -537 492 -847 -768 -85 885 -578
 973 834 691 888 331 -720 271 -592 -140 129
 -5 795 589 -472 59 -247 92 925 932 688
 729 718 689 897 -976 -286 194 -404 -862 -807
 477 -443 428 136 -893 349 967 -87 841 -648
 -115 550 -978 190 -266 461 -488 329 -987 -386
 772 -18 -172 283 -211 929 266 471 -97 -906
 -476 -255 -752 -219 -634 -606 675 -920 40 354
 489 -924 996 -696 282 837 -393 804 228 -378
 377 610 339 -648 295 -183 406 -993 289 -211
 -352 103 -78 381 688 -455 -374 341 -898 516
 -570 14 -389 -145 -86 -357 565 568 205 761
 653 221 -883 100 487 -861 870 83 363 720
 864 -663 -593 182 10 269 547 -282 -338 -813
 34 -446 -836 -126 -625 814 -541 81 605 -623
 -331 -242 -80 -726 -87 -116 447 -859 -783 -852
 173 728 -919 825 -544 -163 -826 662 129 -631
 -831 -679 639 462 115 -213 -713 -288 -581 314
 -134 710 -153 -776 286 988 -450 588 533 -249
 711 -569 687 672 -223 795 801 243 511 32
 -924 -584 20 175 810 969 160 -392 327 -279
 -746 -705 896 -524 -484 243 -437 -578 561 -762
 -995 -402 440 224 -552 41 -888 968 395 -828
 -307 424 935 623 194 -770 389 -174 458 843
 249 646 174 376 -593 736 -406 -97 -964 -814
 370 116 853 340 -720 37 -800 -259 131 757
 -509 -937 453 -32 -405 -472 988 357 -915 378
 308 -991 708 -719 -861 168 -163 -552 -935 511
 762 385 146 -879 583 655 952 168 -271 527
 845 756 -716 520 -899 13 -366 942 233 -521
 197 639 721 404 -298 -521 -6 -319 -290 -59
 -870 -756 704 113 381 192 215 251 -244 786
 -406 924 -630 388 -728 35 -776 -517 398 -546
 -922 125 898 -779 65 631 -83 -273 -878 750
 928 787 625 850 -836 92 -684 454 -285 -929
 -301 63 -741 -265 782 -879 113 -526 198 168
 -856 -862 422 655 302 -244 -13 864 -406 713
 -562 -742 475 797 175 -269 348 679 860 287
 563 -348 499 606 -475 -36 619 815 -451 161
 -534 -918 246 -155 53 -955 686 -665 -507 -70
 882 544 392 264 66 -624 114 292 -411 862
 -891 -313 -245 -9 -766 245 -465 -751 -187 -618
 484 13 -177 -331 -792 841 291 524 980 422
 -700 -556 698 388 320 525 577 599 -727 -192
 -231 -168 -959 693 232 -112 689 813 -97 -144
 968 -443 120 -381 -218 168 648 -329 423 -491
 -293 -624 265 -111 -564 -386 526 -456 -816 -862
 624 -89 465 -590 956 525 451 956 150 -202
 -768 -956 -776 -312 390 159 775 -746 -469 80
 -591 -328 470 -506 -256 538 610 -991 415 514
 -638 683 498 -470 -408 -735 -664 880 -401 -520
 -529 687 382 343 -533 -261 -826 625 -832 464
 -64 800 -829 -915 823 -819 446 316 507 -794
 -72 -971 -254 740 504 -45 616 -731 -885 -150
 376 -881 -997 625 -584 -509 -94 145 -137 678
 -538 -299 -145 57 -694 -922 617 -999 -421 153
 102 -174 -894 291 488 697 -820 556 -733 708
 -588 -858 999 988 808 759 656 421 850 527
 937 575 657 943 -385 630 -410 -621 80 190
 490 628 711 768 174 336 470 107 -367 281
 471 -64 -984 935 845 15 738 -541 -22 -649
 -855 116 465 -407 -888 965 -900 797 -97 545
 92 -203 241 -101 -445 916 -186 454 88 760
 -962 941 202 -496 -319 -622 -408 149 -507 741
 380 -952 -617 617 -399 37 462 973 449 -615
 -556 -40 -89 672 463 -583 193 -997 454 -879
 467 690 -858 355 849 164 481 661 -354 -419
 342 203 -16 992 -952 921 -556 -332 919 -604
 576 719 -838 621 -476 -86 -362 995 524 745
 -509 -361 250 169 185 344 -153 -266 -190 236
 929 -476 -943 -481 -751 3 155 -40 177 837
 402 -903 730 892 -324 3 3 854 820 -687
 352 142 775 -215 25 -370 555 816 182 232
 -623 -481 -690 -213 760 -59 -676 -822 469 -506
 360 140 -671 944 852 -151 -212 326 -418 -578
 -9 -161 606 -610 342 -695 676 -606 344 35
 396 740 -572 -383 955 848 -924 802 914 246
 -139 896 -361 762 -528 -537 5 161 -381 -493
 -423 -215 57 909 550 888 -889 -16 252 -407
 575 347 505 109 -474 388 -806 566 -236 -989
 -936 707 732 370 32 561 -467 393 22 604
 959 -577 897 -863 -794 -350 573 -683 -249 -343
 670 163 411 458 -703 -961 553 597 437 -532
 -485 -876 289 341 -410 946 214 -796 705 265
 997 -981 998 -353 -895 908 198 -379 970 -94
 -962 551 -562 -713 -488 -412 -967 75 358 -240
 -955 -540 729 -292 -121 -873 -94 482 451 166
 -454 -737 -993 -987 597 499 138 -872 720 -393
 -410 -616 707 939 -852 165 891 883 -40 752
 461 -136 103 -880 -52 -237 -188 -323 39 450
 92 -51 315 -779 37 473 364 -8 236 -725
 -260 41 189 -536 174 709 -93 -189 -720 4
 -198 -333 131 -702 218 -383 211 725 835 20
 883 -849 434 -277 990 -452 764 275 -553 534
 -848 -574 795 147 860 -724 -189 -210 -231 -522
 330 -246 -166 399 -828 -291 721 363 -89 -746
 390 -397 -135 928 286 -393 -312 521 633 354
 -126 -637 -201 -888 -78 801 390 227 99 508
 732 -557 -594 -548 26 -405 -509 708 -322 -207
 371 792 -961 933 947 523 -26 821 666 -11
 997 -366 -570 114 -609 886 512 882 333 -933
 835 20 -121 -993 -768 340 329 101 313 -398
 -549 151 -592 872 -319 -492 196 722 984 -820
 681 -898 332 884 429 898 -127 -101 24 492
 935 -749 784 -44 239 496 591 180 957 -603
 -954 -343 349 705 979 -187 -444 668 208 -861
 -112 -911 -587 148 235 -492 508 221 -82 -460
 917 -616 -4 -776 -405 697 354 -738 492 302
 -323 -407 -448 620 627 -603 757 -845 -623 -42
 903 566 -16 -372 -532 720 642 -108 -597 -581
 500 650 -282 531 8 845 239 -899 714 463
 359 -738 -621 -216 659 633 410 326 983 87
 -156 -15 733 709 951 -315 812 -19 611 -510
 602 -560 -246 -545 -906 -304 -985 607 649 420
 107 -500 -164 478 504 564 -700 665 196 268
 -35 592 348 -874 -530 803 -95 386 690 744
 -890 -830 913 -723 -669 -369 637 -490 184 849
 -350 -832 -731 -772 628 945 -242 -922 -629 517
 785 -195 -632 -480 -597 37 -583 -224 767 238
 -296 -951 654 431 460 751 -822 -550 85 606
 591 898 596 -961 -769 664 588 527 -172 748
 -775 815 923 111 566 506 -141 -423 198 -264
 545 416 950 933 457 977 -882 80 407 -931
 -331 843 -352 -72 595 204 189 282 491 305
 -690 -12 -604 -200 -346 250 -921 -375 -309 18
 757 -732 -240 -877 886 92 -718 -858 432 742
 427 -408 976 -272 675 958 426 798 638 10
 41 935 -510 270 -263 539 753 -123 -650 -612
 -6 -517 569 137 93 -849 -323 -562 -199 -109
 133 -604 593 12 876 -444 -239 782 263 219
 -197 -843 -918 373 -361 53 205 146 -843 -758
 -897 -475 988 -920 432 -277 -472 -464 -16 -895
 -193 40 834 -823 562 -870 811 278 470 470
 737 -95 422 50 737 931 -279 -355 -710 130
 453 480 -150 -228 -768 195 -327 -905 -439 -447
 257 -768 -136 172 901 -384 -851 -878 -67 -152
 706 861 662 476 396 -304 -509 222 -393 -16
 16 -738 -175 321 385 301 -812 416 941 -712
 850 284 -989 -390 795 -64 18 -143 -961 485
 673 -560 -75 291 521 600 -505 -312 -33 -999
 717 212 -490 274 751 -697 856 936 -342 317
 204 -618 354 623 -668 35 978 -389 -28 306
 507 -553 469 311 276 -350 -236 985 -136 -569
 853 102 817 102 -134 810 -554 -580 696 -924
 -646 -35 -38 70 -241 -651 373 -828 344 -321
 -485 -236 -299 905 822 -353 -971 890 -57 -477
 -51 -998 -157 370 -856 58 65 -736 416 -740
 -95 199 536 -801 -748 -697 268 971 290 -745
 -917 37 287 -924 -75 0 -625 361 223 597
 362 578 -290 -146 693 -915 -298 -881 404 -716
 -664 80 198 -638 161 919 -5 215 -185 319
 -697 959 586 -352 -322 -516 787 461 -88 511
 160 342 -789 -300 -517 896 -697 311 -808 -263
 -634 -647 -609 -266 999 -730 736 229 -919 -801
 -506 -401 558 609 -708 -327 -820 275 -946 -954
 712 -193 340 -26 -355 -305 258 848 497 203
 -919 568 -114 -438 -717 665 660 -150 -108 -352
 716 261 267 825 -224 -679 835 -92 35 780
 575 -818 201 -393 -692 329 -293 983 -597 667
 -757 -301 312 -666 649 834 442 423 -325 -533
 -48 -458 -788 -980 -957 -531 -45 -926 -454 349
 -409 727 -850 -756 939 62 379 875 405 383
 582 -878 -996 -254 598 -833 -690 919 -182 717
 246 -729 6 911 626 -861 675 24 -546 -574
 -343 55 941 -542 88 707 773 975 421 -288
 420 -28 -591 2 168 156 -870 -596 -810 394
 -915 712 -495 68 -946 -259 -875 677 320 797
 692 799 -257 -928 855 -430 -137 -787 119 936
 -652 355 -170 653 -208 557 -300 746 -138 -769
 148 667 -918 167 -491 313 -784 295 617 955
 -926 330 312 -377 -69 506 710 493 -398 285
 673 -594 -512 955 -49 515 806 -587 624 -227
 661 -751 -208 326 515 -486 -759 822 520 -608
 -92 121 -878 978 588 759 -960 454 -871 -376
 -763 827 -78 630 214 294 -502 -663 -609 648
 -674 278 514 -525 -168 -350 37 -227 -174 -724
 -236 -655 759 288 239 -666 -418 -919 -990 -712
 -304 -739 -645 767 984 509 887 -647 73 859
 79 -629 -100 -611 -467 990 -701 -685 -537 211
 -329 -991 -779 -547 -957 -738 69 -986 638 -109
 551 -65 -685 457 135 -510 -800 949 -444 -253
 -188 89 488 -291 -633 -195 164 -566 185 -821
 -743 683 -247 496 -67 861 -840 28 986 230
 -329 932 -581 818 -574 738 408 -597 -32 291
 -607 939 -615 424 964 387 108 663 -22 -852
 160 6 263 -282 -454 729 -365 -296 833 49
 527 -918 -123 -832 -216 129 786 -754 600 291
 836 -688 -875 593 -434 -688 -628 15 -220 752
 453 -964 -928 -256 56 437 -549 272 -386 390
 -897 -463 -689 -173 -191 -435 -706 -877 255 730
 217 -171 275 -422 -616 -995 -338 239 731 -634
 969 866 621 -156 -777 733 -708 986 -776 125
 -151 318 -456 -389 -882 182 515 741 -498 -742
 -340 -11 -502 -150 -317 308 -72 -897 730 661
 -848 666 834 -198 204 169 -901 -206 -993 969
 689 -706 -128 -484 266 138 27 889 -812 -677
 730 620 928 215 -589 77 -617 -58 -366 17
 716 939 -99 -829 -187 441 480 -406 503 142
 101 578 671 866 -876 645 695 679 850 926
 -842 -845 -788 -65 94 646 -345 824 -590 -645
 934 -60 -684 969 -669 371 -729 809 -153 -21
 -655 -964 -144 -964 846 290 -618 999 -851 761
 -871 654 -962 947 -919 122 153 -651 658 217
 -59 -573 -262 51 325 -446 956 -862 -71 -557
 -604 -261 63 133 634 -986 -538 -121 -453 74
 -662 383 -83 -115 14 205 29 383 -578 -783
 -849 -949 865 -525 -494 -624 -706 676 -195 -203
 -210 -760 202 -431 418 -866 -39 999 -739 -831
 426 -788 -140 -55 -998 672 982 432 -345 -740
 -896 757 -193 -503 -572 821 37 358 -129 -66
 420 130 645 746 -398 -421 -79 -216 443 69
 345 481 380 -829 204 672 113 880 119 5
 -891 -782 -631 91 813 -30 937 -346 -959 -710
 -542 183 76 82 -866 -266 483 866 967 -206
 -931 -29 -689 -990 -322 -656 -746 -595 69 181
 605 -699 -196 61 488 -618 -907 338 494 -263
 -656 -554 342 -107 -8 -948 467 405 -708 22
 920 564 688 -951 895 -833 925 107 -438 -544
 844 485 469 -863 351 -126 484 -378 -491 -151
 475 914 899 -49 994 -853 -745 679 -429 -243
 -56 -592 30 -104 -681 315 765 152 -579 -666
 220 108 -68 -54 -471 332 -376 -272 -517 633
 10 -796 -599 -607 -786 -652 -445 68 545 -801
 -491 865 -870 17 -487 -16 -296 945 -920 -747
 -769 665 -717 685 -878 -692 98 -640 -305 -246
 -289 632 -723 914 -850 241 -733 25 698 397
 -371 -487 -158 -833 -987 690 255 -500 -325 -428
 571 894 329 375 477 556 -632 772 984 -519
 466 286 -421 -117 365 -267 447 969 811 -643
 851 702 212 -526 -511 -605 -690 -313 -673 -488
 651 -935 -745 18 596 585 -720 -513 -864 -865
 785 824 255 292 381 -526 984 218 -191 -126
 719 566 -243 -837 307 -750 -136 -573 79 249
 -533 -83 -506 889 499 -859 -532 -380 -299 -713
 408 -141 -622 309 857 154 -49 110 436 -44
 -538 903 -659 724 -738 -783 -916 -827 -262 438
 -718 -883 -403 225 -917 -34 -613 -787 285 -350
 639 594 -102 573 781 -710 -812 104 652 538
 673 -798 -658 11 225 -114 963 272 794 -187
 -53 394 4 796 -474 -793 521 -191 -75 406
 728 262 -824 446 -168 793 725 -443 501 -641
 -261 -882 459 -841 312 -411 -818 739 561 640
 856 -17 329 480 454 861 382 810 939 603
 -950 114 383 -753 60 -864 -401 -588 -917 906
 -824 -587 -572 607 -791 -300 -621 -753 360 -178
 -495 -616 984 -913 6 319 394 -132 -957 -536
 116 695 -595 -619 -823 -545 -206 -644 454 775
 -566 787 -859 317 -744 -545 -502 940 474 -968
 676 655 131 823 839 -799 -976 751 276 222
 -297 -440 991 -895 -221 -744 -630 725 198 -156
 -751 -957 -494 650 588 831 79 74 -582 -413
 25 996 524 -960 959 896 381 -221 353 -943
 892 961 -121 -36 807 657 -899 793 702 -824
 841 947 -516 -606 -481 -830 -304 -944 70 139
 -210 -628 601 843 635 -238 179 -419 730 514
 -106 519 157 -676 403 -57 -818 422 -421 -84
 898 -524 965 -938 -961 -748 -951 671 -671 583
 724 -279 165 -517 912 -933 863 240 -269 -747
 94 557 -313 73 -893 396 -141 803 384 -725
 -435 -664 372 577 -790 -241 -693 -937 601 -947
 693 -7 497 934 395 -300 -617 -973 -600 -689
 872 -451 -163 434 -515 660 -884 681 933 253
 -154 -883 768 629 663 846 -548 307 -20 -135
 -39 -487 117 -719 -479 -492 -507 45 929 874
 776 872 -603 500 -375 129 748 -774 681 -684
 -369 -743 161 872 -607 -265 -354 851 183 -63
 -85 155 -517 -393 268 722 889 -786 -15 -437
 -958 410 997 593 415 185 -144 648 301 796
 207 -365 -294 -824 576 -290 -647 673 -465 226
 352 -76 -521 -548 21 -242 502 -421 -198 -565
 -518 324 922 227 -376 -794 359 -138 -344 809
 240 -23 436 824 233 203 -503 -184 -78 684
 -764 370 655 -413 -659 -915 -215 -822 947 -689
 776 385 -27 207 269 566 553 859 192 481
 880 453 -759 -195 -766 -514 387 573 -724 -24
 83 581 -792 964 324 644 114 -594 265 732
 -793 444 -705 -108 -256 547 -650 109 -410 -879
 197 172 902 -340 470 970 -413 851 -902 134
 567 -786 530 479 600 -108 -875 856 361 225
 -476 -278 436 137 511 -177 -971 -727 931 -461
 878 970 -23 -888 -176 -464 -759 953 821 357
 606 346 -463 -777 101 64 -665 451 495 812
 -276 -56 903 236 130 -253 547 447 359 -234
 706 -456 -748 -328 98 -130 -738 210 572 -330
 -615 500 -736 714 298 -139 -227 -542 806 -212
 54 284 578 -794 320 801 -309 49 409 -709
 213 -780 75 898 -470 -959 -416 -934 777 407
 -802 -528 417 -19 -402 -427 480 -774 -196 6
 396 -750 739 731 -326 -754 -245 380 428 883
 -714 -508 -630 637 -984 -836 792 739 855 573
 -549 -479 -362 -68 -172 914 595 -350 438 -347
 -190 703 -255 34 -841 798 414 -814 -240 371
 418 -141 38 -195 -234 473 782 690 887 -504
 4 -981 656 755 48 -156 -567 50 205 936
 479 -280 334 -665 478 -464 536 -43 582 311
 -184 963 430 862 -724 -190 -359 996 774 -871
 -427 -192 -344 -495 149 -876 -414 -777 170 -800
 483 -180 773 167 -371 -663 -303 -216 -668 508
 256 577 -104 -5 358 -16 927 -84 747 -504
 -686 -298 940 21 -597 -823 766 -123 -525 -268
 100 728 -335 -483 -128 836 -341 151 57 656
 974 10 248 534 120 -688 430 728 241 576
 783 286 -777 -714 -223 327 -706 -854 75 77
 724 -603 -376 66 -776 -715 621 946 960 -344
 121 230 -574 -10 97 970 313 -373 -784 450
 999 -574 -604 708 -893 -455 852 -94 772 567
 375 -542 -372 756 -954 491 -397 -2 -183 742
 -649 166 5 -783 -34 -768 74 -299 -337 9
 -810 -512 -482 574 95 -442 855 -987 -802 567
 956 -927 -875 -86 187 -79 -989 267 209 -644
 -664 -77 788 783 516 -257 764 135 751 -437
 633 -386 734 460 216 -686 772 -209 67 224
 -604 -813 -73 258 -779 795 191 -990 -715 288
 -312 673 650 782 -624 -520 799 567 -615 -859
 -140 421 263 -401 217 971 -737 195 401 253
 -302 938 -413 408 -562 550 -416 -306 281 221
 759 83 -699 92 -902 -146 492 -983 -876 -133
 632 305 -570 -839 86 342 -951 -743 -286 167
 332 381 -368 -649 167 -845 -576 847 -997 793
 884 544 -555 -972 -453 -986 747 694 876 -196
 -689 -335 709 -704 -992 -305 -652 -554 627 185
 376 -992 568 -577 246 873 -479 119 708 17
 -221 -267 -290 191 907 266 324 804 830 670
 194 261 658 -597 706 -176 -699 -255 -134 944
 -529 41 -193 -249 704 -705 -723 144 722 275
 -137 970 595 745 -962 -193 973 -776 416 94
 -339 606 -964 -760 18 722 246 -785 531 486
 -479 95 -425 958 -551 616 636 509 955 -982
 399 -419 778 -124 -2 -479 -3 -741 669 -473
 -858 337 283 -869 -297 31 579 -103 272 -379
 4 121 -15 590 918 55 64 -133 -226 602
 -345 -215 657 625 -550 87 913 -443 -61 65
 -718 218 -862 -182 118 -98 210 713 -993 264
 -524 24 -596 228 208 912 175 -486 166 591
 257 -651 674 -39 368 632 -380 -218 -650 159
 -940 -681 865 971 -423 -782 25 383 -857 232
 -49 932 -563 234 -74 272 68 -373 352 502
 800 279 172 -451 241 -506 -471 -543 -433 402
 -736 91 133 -236 601 -689 -267 47 -329 -505
 -418 325 754 -711 -515 -326 -147 -903 797 -343
 -848 466 -883 108 687 -186 290 337 42 369
 -758 567 -661 -861 -792 581 357 -257 -937 289
 -194 -33 -895 -836 -119 488 269 594 -942 -998
 129 -775 259 -592 -416 7 -649 -225 -312 97
 932 -726 774 160 -654 -317 909 172 -443 -159
 -523 -104 -89 338 -922 571 132 752 971 76
 68 95 -68 -305 836 37 -796 -836 792 -691
 652 -47 -434 -939 -385 673 644 344 357 943
 -467 946 637 -353 -235 -183 145 -838 219 -283
 877 25 -998 -491 575 -269 383 405 728 381
 373 527 -529 -832 426 114 101 -2 464 -802
 -403 951 -831 -889 -828 13 742 990 -904 768
 403 436 -976 -37 -937 -599 998 -429 -48 840
 582 -280 184 922 216 -991 -876 -628 -466 500
 -17 -303 -398 -955 39 508 164 997 866 688
 -358 94 855 596 547 671 182 168 637 -898
 857 -910 -628 422 -523 -557 -542 748 -395 52
 -678 943 321 -463 701 154 59 -757 878 -917
 540 -25 -7 627 -347 -701 -877 894 -975 -768
 639 -565 -386 314 588 990 158 60 -523 96
 508 -427 186 -296 467 -133 -710 351 696 750
 -533 790 -751 -270 931 296 856 -505 954 -144
 -233 606 -492 114 211 -905 -524 -891 508 985
 694 413 25 770 603 417 -995 -786 335 225
 -321 -31 616 613 856 -932 520 248 -425 -880
 -429 389 -249 -236 -542 -523 -238 -142 162 936
 -459 593 460 -152 -528 327 365 332 383 -439
 515 720 718 385 761 731 -123 482 -606 68
 897 -827 599 -275 -602 -800 416 -491 147 -768
 961 -187 -649 -422 263 204 68 345 -632 -120
 -570 700 219 -351 -563 198 444 76 -365 -428
 251 -657 -176 72 635 -428 -138 1 450 -583
 725 908 -146 339 -18 -424 -340 71 -194 -877
 -742 -820 841 663 -21 399 -641 946 735 484
 106 95 -418 -685 475 433 -840 -398 243 -855
 554 -369 408 349 574 728 -579 -318 -790 -306
 936 26 998 -465 -311 506 467 -344 -434 446
 -402 546 428 -734 -847 -772 95 -494 619 -821
 -60 551 649 230 -770 864 173 -408 739 16
 -466 -250 479 -594 -342 -491 129 -120 -363 462
 -170 -67 388 540 -746 108 873 -450 -951 -396
 349 -368 -488 31 368 84 -869 826 -548 13
 -613 -279 615 925 -636 -110 -730 843 695 321
 -417 729 -524 54 921 -73 395 -115 -418 -817
 41 26 219 -449 604 -15 268 -717 390 379
 884 -523 679 182 145 -875 69 -121 753 544
 573 312 -241 -842 953 94 -24 995 320 -330
 -960 680 899 -513 631 -78 805 272 -949 783
 409 -486 -875 293 -904 -626 742 688 -231 -380
 -436 11 541 -560 896 99 616 -463 434 864
 -128 774 -495 954 -642 -235 -691 207 -348 128
 -874 -882 144 852 -286 -830 627 730 -49 -822
 758 774 122 -97 -755 -549 -913 342 -841 -286
 928 -91 624 -463 -975 -997 703 842 506 -165
 547 243 615 899 810 -780 -56 507 0 -937
 242 -623 101 857 -696 -720 923 -450 913 249
 -388 -196 195 473 -765 887 495 -176 915 -671
 583 -509 -728 -450 215 -897 -391 504 -789 670
 665 283 -985 -281 -876 795 950 -758 469 -819
 320 265 482 -459 -497 -624 -479 427 600 -360
 741 40 -351 -524 -93 356 685 780 430 -420
 -557 68 -839 -750 -625 -572 -866 -281 655 503
 -849 -836 -255 -374 264 -630 -560 -167 -398 352
 -695 -891 406 851 -868 135 477 -356 573 994
 722 -48 -898 -62 402 -504 -993 164 -651 -611
 464 -608 535 207 984 0 139 289 -86 -113
 758 -903 -71 890 472 -159 -223 992 -691 201
 -724 811 620 188 -29 346 818 359 440 22
 -323 631 -606 278 136 -816 -886 -503 -370 -424
 581 412 566 121 290 -699 271 935 -350 -733
 672 627 -805 946 600 630 -849 -244 -863 -580
 778 319 -420 41 204 362 551 416 -219 -989
 165 278 417 -892 906 -91 778 -126 -605 -169
 -649 922 -862 -239 794 124 -524 679 -939 321
 32 852 -733 -407 72 -722 548 -328 756 474
 -868 -908 -488 -278 501 504 -751 754 633 935
 -581 932 -772 -380 438 679 -886 716 -818 -845
 -132 -269 -306 283 -785 -398 431 -584 -605 -583
 22 514 235 722 -226 -564 445 743 -285 -809
 97 -325 181 -14 86 197 -181 -945 -744 -111
 347 -921 631 580 -958 368 -278 538 700 948
 -537 -718 -860 -845 304 894 965 -852 -388 -420
 806 774 692 505 -496 -985 128 -463 -389 800
 -673 456 -417 532 588 -568 -276 351 -834 603
 48 -215 7 565 842 -398 -953 -967 -996 -349
 -963 -757 -677 88 85 629 -100 244 444 137
 521 850 282 -330 -238 588 -138 104 -308 937
 -718 -354 764 -319 -832 176 163 -695 744 567
 -207 -845 -851 -854 793 739 434 115 221 -252
 -126 537 -443 384 -349 354 526 592 683 32
 -730 -148 302 739 -170 -189 835 -145 -702 -47
 958 -634 282 -716 838 -472 -521 -640 473 -180
 -774 -985 142 -325 -331 -830 673 204 640 450
 -541 -521 -132 630 -185 959 213 764 221 167
 -44 -171 174 946 619 -919 -828 -542 368 388
 216 -528 440 519 727 962 111 432 -484 132
 -441 -442 270 -466 -373 -950 688 -182 -861 980
 -932 510 931 669 -546 402 431 -562 890 48
 752 -278 -967 -415 -346 233 -360 563 863 -8
 53 -943 293 -917 165 899 200 694 364 50
 -965 -118 -778 -109 178 22 -79 -307 -321 228
 -300 25 -133 281 4 -105 -576 -104 993 332
 639 -876 306 -451 189 41 293 -890 -809 173
 780 40 -627 741 281 -636 -401 457 58 -1
 664 825 -591 509 -322 363 -861 -994 -570 -905
 653 518 97 909 435 -602 71 -703 336 523
 927 -448 16 962 393 678 -839 377 176 -428
 -725 -709 -404 -63 -423 -900 450 937 -628 -906
 473 834 -630 202 977 673 665 -815 747 -518
 -701 -456 -742 -512 -141 428 677 -203 94 -359
 841 -798 689 -810 235 -233 -135 -209 -390 -1
 -652 -12 -734 751 -355 76 970 334 227 -427
 501 -490 -499 -241 326 -335 -972 -731 278 835
 635 -523 824 990 349 -245 -181 721 -745 192
 -332 919 -929 -46 852 -884 512 93 -292 -738
 -802 800 -43 -722 -985 13 655 6 -836 -33
 -763 378 870 604 -269 -392 -344 263 -860 -593
 474 -47 -488 172 -179 -738 -595 397 328 169
 -92 640 -556 -461 -711 -252 797 764 634 -542
 52 -988 -931 -787 -579 -997 -962 -35 79 784
 543 -508 359 771 681 -821 -542 -598 -569 -302
 -450 -869 234 -110 -671 -669 149 867 773 -700
 -968 -8 -26 896 843 -812 -989 -952 -621 777
 875 252 632 -367 277 307 309 -754 329 -483
 -655 -816 382 -664 79 241 -291 73 175 430
 969 -266 913 606 566 -235 -463 708 115 375
 906 -209 -636 -391 0 763 128 -85 -173 -940
 -285 -460 -98 -423 -862 49 353 -834 -769 534
 -737 -352 732 -204 861 106 747 983 465 -327
 -689 234 -713 -230 655 229 -73 -411 -865 128
 -604 -454 -966 -947 -239 -126 -909 504 693 727
 -963 -85 80 365 -843 -744 -597 -464 -778 355
 64 966 -291 270 131 156 -860 712 32 -124
 619 -475 -522 -915 200 77 -863 494 -810 -808
 -530 -339 762 993 -801 -941 226 283 -636 966
 761 -315 678 -678 -259 174 565 117 914 -340
 -157 -405 -343 296 480 -564 488 205 -281 -731
 -653 215 566 -704 -166 -587 -469 404 887 308
 -53 -507 -505 786 -578 -329 370 -322 -767 356
 -129 -674 -344 -653 638 676 756 -187 880 -884
 398 231 -422 -708 597 -16 526 37 -889 -287
 978 -61 225 -767 -741 769 -333 -419 -903 129
